43361
17824
29339
13986
26391
685
10731
5167
14588
55745
3362
33310
Root
131
3674
5083
1299
1379
12127
14850
10761
39573
47408
6875
33538
34505
2832
5953
2985
141
1129
3249
608
11891
11417
885
35390
7764
23810
27797
19005
14999
2731
8849
65561
22267
20270
9402
4703
39309
20221
26382
44956
49041
1135
6126
38794
11874
20423
5636
44955
4898
2652
22614
34239
28092
14508
65676
5075
12913
29775
13985
32702
10769
54223
6655
17610
22984
3495
19983
3944
4432
2099
1683
20429
29918
30615
2987
52289
10627
17150
24797
46679
1342
24055
56612
52078
4066
13781
46131
20379
10079
67045
14957
43786
50637
8557
13485
42691
27171
46681
19578
33300
792
30979
25418
50649
19971
17712
3583
3128
22136
13816
11297
597
43361-47408
8024
53271
2851
32969
44961
14386
13997
1085
3954
25299
1230
37988
3133
14115
53761
2449
9358
2375
1113
15335
4795
35980
42316
30197
8784
16816
19269
56642
64501
16966
2107
13177
37605
4406
37986
54667
8397
2547
38911
24644
41922
42310
5285
54670
14996
9912
32959
42060
38828
34148
42562
1107
1797
2493
9635
19946
2550
38400
989
801
12008
2062
25025
19809
3349
22333
38728
54668
988
18956
17608
2290
58
25846
46461
54676
43803
63859
38225
4736
4856
14777
64151
26809
2108
2852
14141
9648
2478
43078
36720
36561
54672
12927
65672
796
6963
3695
62684
15304
64663
42334
21686
1844
32762
3315
11895
42303
1510
55071
5600
42309
63860
6418
52821
14874
2608
1128
30469
54537
24896
3400
2614
34680
32052
40765
28756
34397
10778
32302
53259
1019
8928
41509
44917
807
42676
11352
32681
9152
60567
16795
1870
3232
25899
16278
21451
2096
33339
10225
11177
26429
4342
64640
17011
29496
1946
43311
22428
6516
2548
27952
55744
55193
10779
7408
31447
41921
8648
64035
67001
3256
32904
12872
54669
3312
62728
8846
2104
15250
50590
61629
59067
14558
65002
8334
788
55898
63479
35214
44405
2938
29917
40130
20398
10279
53157
19991
32730
36957
54208
10226
11754
60933
58526
2359
30161
46311
32737
54539
62794
63842
45996
64150
53249
59065
28623
7853
1001
39875
1909
24420
8400
2958
2426
65675
65674
24892
28045
38330
53257
8404
37943
56746
45672
62755
59040
61503
62195
38160
19969
23659
40766
22781
54954
20474
32598
66034
39284
12249
66052
39425
20201
64037
63858
5213
39873
19986
18597
50614
64166
64036
34344
47066
19631
4567
64636
62578
64152
36444
219
36229
10862
1100
19628
11860
60118
43319
13897
32970
59224
28940
50871
60120
6294
4872
14932
47690
33273
43265
33796
38361
23807
52088
26305
26875
32981
10702
55897
26556
36500
19453
36994
20631
64164
1052
20630
37938
3973
64144
25411
64638
62807
37801
24787
27720
29039
804
13754
20049
34490
11389
64634
10943
28955
54520
13647
54953
5385
1262
62793
17612
33188
33542
36951
37936
29317
2613
3487
47176
1174
43996
54507
3940
19975
50883
60252
12240
4032
16433
12546
40431
2291
52290
47576
41514
9678
3788
11369
60942
64449
50861
11859
19945
53011
2798
62313
43815
55468
2444
40421
27018
24164
33063
64149
27170
20419
12020
46150
937
24142
50740
62083
50897
42182
60822
50879
40976
25286
65183
50894
19936
50867
50895
61535
54479
7638
18260
8187
42181
2653
1173
52830
3749
39122
8931
7460
62194
45785
9109
48916
63529
815
44068
61502
60929
61513
21051
50868
54482
55909
40972
37659
41507
3827
31785
3488
7775
31970
37603
14557
10468
49207
60250
24733
8331
48798
2095
11078
25281
43335
28276
58893
47408-56612
50898
64146
53767
4215
10404
44900
42599
1059
23093
34147
11725
19987
64259
53159
64165
64373
28525
32605
64883
25928
7842
56010
102
8922
121
19605
55957
50860
55844
62750
601
3942
18923
21560
53024
38569
31475
1951
28826
37836
3453
49935
15110
25290
33884
50299
42315
54511
41498
50709
53264
60679
37987
44005
26110
32857
48343
2106
1092
15308
42571
27529
10107
36950
50891
2222
23390
3781
5223
2974
56869
13854
12275
12095
38973
50862
5344
3200
30057
2216
20224
44006
31152
2523
11862
25986
14998
50863
56197
43302
53248
53263
27356
1693
20614
28218
42261
27979
54433
44264
51178
61145
4779
8248
32680
11021
46400
20650
43849
18716
11878
24084
4596
45405
16683
1123
11552
5016
54952
50864
53391
42178
50737
21611
61144
43787
50654
37942
63509
14973
12014
47159
42256
34944
8915
2357
14886
27138
25555
7340
43591
3660
5773
42007
48814
37940
54434
1596
3132
31299
5157
42647
4710
20364
26396
10711
64145
31147
34650
40497
24414
42593
55195
60925
2603
40971
40973
53431
60924
10730
53987
19558
47965
54397
62733
46147
11519
55608
3577
4030
43994
39430
63517
13398
11852
56069
35585
1614
3330
54970
8556
13463
1415
1087
29675
7223
32977
55343
43798
40858
11383
60931
11026
50893
11708
50169
56061
57588
35748
7947
1183
60932
1901
8316
50870
22943
26410
50930
54240
56979
14936
3106
47874
43852
25026
62580
50593
43390
64704
161
12555
7295
48612
42678
55125
17885
459
32964
14232
5345
47387
35780
33187
11888
26474
4627
48765
20204
3079
16525
65677
3510
30164
25090
64141
50866
64239
14781
59321
6754
11527
22008
53258
1048
41634
43793
64265
1003
20100
43336
25745
62768
29087
6271
56650
63429
26232
64241
1649
34140
54437
52482
50647
27109
54056
40026
6944
28020
33327
50185
12003
5949
21180
60571
41068
65699
53043
32552
15001
40305
50119
58047
1266
56067
60954
43974
56511
8633
46965
64255
43848
55906
63525
67099
39424
9911
13875
26009
42272
50865
63657
64266
50739
43788
50858
11670
38116
1047
28389
53812
295
54004
25340
62933
9131
15569
29842
38575
17579
2913
27644
31637
1867
63530
11284
42005
54216
47112
46947
50051
45141
52873
12111
46255
64385
8850
4901
60010
14941
3576
21096
38230
58893-60250
42576
16425
19006
30631
63534
53985
41079
18711
13732
65551
59068
52636
56159
56789
55908
42546
43322
44895
52576
12151
32877
5333
67170
1287
482
13802
19075
580
4347
55910
15752
802
57199
32940
11045
26328
26705
3175
1062
17565
53009
35583
1742
41800
1791
60119
24863
23304
64238
15396
51578
60926
2824
54215
42218
55277
3958
56181
42318
53253
54543
63506
60821
62602
45120
50708
55291
13862
50588
56703
56157
43332
62734
54965
43062
11233
1041
44957
55609
24398
42780
36752
31146
14980
11505
5708
29979
38196
50877
16040
3162
36108
11391
44015
43976
15405
4814
28223
28612
43331
53487
55292
66772
28827
46060
63725
32967
56320
52478
32905
55207
64270
63169
49864
63528
49304
59003
56251
65550
50657
53251
59259
56076
8433
55800
45239
59686
45140
132
53042
55429
66247
1635
2241
192
10850
4763
17075
56000
30140
67135
858
9916
41933
42311
27327
18316
56537
5533
43455
10223
64268
5406
53150
44001
27800
2596
23786
64269
9798
50624
31048
9775
49179
48023
62428
9308
54964
64472
43628
22337
42585
43714
53430
41924
42146
52291
1667
68254
64263
38883
63611
50890
50650
42219
43399
53044
62579
60122
45708
1220
50718
56172
4142
33443
1261
64502
60022
56747
57604
3110
51273
15908
54536
15000
48188
6663
64271
51014
41228
11356
4304
43427
4977
4111
53801
41676
48969
26106
48191
67054
33861
9890
3471
8503
18941
46376
37935
52477
3941
56250
55188
49934
17171
32181
2791
30957
54962
61916
15374
1097
43400
64267
56433
37944
32507
56160
42804
63627
53250
39332
33062
7948
63938
49862
54959
61483
638
309
35023
55789
3824
33889
18069
45267
37981
19939
59993
7304
14916
16954
33530
11971
15539
56643
56162
43914
14326
28134
64264
25035
3339
30054
3211
43044
50302
4707
54423
32934
31759
43995
54053
11605
3457
52485
16021
55179
18466
64644
47360
42329
55286
62082
54949
60930
36247
68408
35126
58723
64260
67066
63487
52535
55490
56183
41894
54673
56874
52572
44067
49877
49940
67328
44902
38657
63628
60935
61016
61524
33337
39975
60927
65278
64240
55287
64258
63494
2998
62018
52479
64162
66689
11566
52528
303
58715
11371
4524
37333
27434
11609
59978
41942
20325
48800
53047
44154
43452
56019
24621
18241
18824
1724
56161
29438
59191
14995
28603
34852
778
43448
1520
51239
413
43555
38979
33164
14489
20882
30893
49920
62738
4702
61612
6645
49928
39789
14928
56648
1215
11148
63174
38364
49931
54974
63607
55280
52677
26698
4937
2928
22549
15912
42027
38576
11241
11310
11857
32284
1518
66193
33153
7981
5647
19873
44184
1164
59983
64018
24548
17725
36473
9351
59223
3919
54218
33502
1950
18577
42753
56510
57153
25616
29267
23143
53808
3516
50297
13020
42619
4722
7515
3115
33631
11502
5651
12477
21520
22003
4533
28044
54429
31151
47021
16852
47869
36114
6163
55889
11731
26720
5167-13485
12914
1270
34542
7919
41850
19970
10777
41084
10464
15251
30959
36090
55023
1278
39155
9256
36181
63197
41299
64328
43447
54873
62197
4813
42829
55911
35734
54030
45121
33346
58464
2495
68265
50710
58235
42575
19993
36088
65750
18636
31921
13270
4478
50886
53796
48062
5072
64148
48772
49878
47617
35925
838
32716
26522
13843
33301
25400
32728
11419
25232
59987
1741
13242
10562
29048
53188
1813
34999
15076
3514
3285
32975
34065
54515
15515
18712
51035
14481
39719
20103
16974
55904
4112
12411
13791
18496
22574
32706
1181
30230
65353
63904
20557
50043
33944
63264
2979
36541
8457
857
11911
54431
44272
43897
10957
43530
37977
37781
20375
62964
62732
43383
26265
42434
47712
54617
47089
40230
25579
26349
30853
43394
10919
28406
14589
33392
888
9436
900
53775
11972
33501
28897
36454
10780
53802
16862
24196
54222
54957
63472
32389
44909
3097
17982
19656
44141
24001
13907
63975
49483
15641
11840
2710
63258
16414
48756
30011
55841
55886
32878
15148
20944
64356
2075
34064
20704
18781
973
1578
46513
49109
60123
54749
60014
5659
3925
51201
2061
55846
60121
45051
40328
34659
28631
12957
9908
62864
806
28770
37615
35498
23080
60184
2971
49188
62787
64516
16876
5090
56319
1189
29497
15164
56073
52698
63862
22477
61023
63563
67093
64257
67241
49881
33420
33422
67475
52480
60790
33438
29212
54008
12238
45026
7293
49032
54042
60542
21545
17882
47439
152
59419
500
53563
34368
1514
50591
1055
41905
1773
63236
24375
30725
40513
26372
32169
24232
3960
17990
63123
11168
25412
58245
6230
55544
43552
44886
64863
3198
31301
56509
31954
50695
5284
10954
8706
47289
27110
27983
11778
7669
1383
55887
30898
46148
51177
2536
46075
15084
34704
15371
14948
41420
63931
44808
1179
63173
61013
1860
41083
5622
654
18222
9191
47676
49121
5453
58493
60271
63176
33385
15145
9834
49208
61512
45122
42592
26918
18378
11509
43715
64160
53254
38632
52483
54951
54955
21541
37653
55192
44128
38368
56252
43402
56513
15256
1509
62488
57282
59226
60765
12681
18082
5712
11298
1838
27900
34409
30163
38137
19825
42643
3769
53768
35979
41896
61106
30603
23599
11413
49331
56467
39240
45240
38018
20202
1263
45008
50627
43884
4671
21141
19878
47575
1131
2001
1595
37766
55667
27718
47286
19145
37971
57993
48348
48793
9332
1577
13202
49371
44894
16752
62697
6853
63566
53929
40032
25515
3986
49661
45226
2982
15064
66945
12306
17663
14963
1923
34545
18743
19038
54396
63554
31638
137
16413
41303
27532
9394
42771
51262
58509
54762
50925
1634
42752
50878
64143
61517
60788
60789
65279
43424
49305
4199
55880
32102
43330
21328
11756
22366
41646
54074
9676
34634
20660
27908
505
3483
24752
18840
44621
26130
1608
3915
20554
22745
32495
53818
52768
53272
7119
17221
65624
23815
20395
3368
43422
13462
23598
12185
16519
32273
11948
24852
33973
58294
34082
26400
40269
64735
14949
2541
3783
18587
64861
53189
10732
32194
1991
25326
17591
3377
50300
7017
42308
44680
36582
10222
5088
23541
56071
3100
43324
41076
3951
27111
56862
67088
60024
58504
59567
48337
21329
13893
50609
41779
40535
7605
8558
29420
48243
4855
8682
63255
68412
44049
5614
13014
60219
58508
12978
11973
15254
50035
58938
999
23081
37071
52602
51183
63501
58613
28300
61783
58946
62744
64237
52565
36311
60934
54085
32510
36089
54426
42179
101
36335
33950
1871
23279
20411
1056
468
37662
653
58228
53293
32965
17605
29927
42183
54219
1517
4686
34910
42955
49876
33739
20145
48770
7272
61752
20536
1500
1919
18934
35977
947
32600
20132
5500
27328
38438
3706
2343
30281
57608
10565
34954
53805
42421
12004
38048
37983
26213
7798
14262
33643
53101
5645
63256
63257
54538
14357
3458
3845
4047
776
51228
54936
24740
51627
39995
16249
32329
2736
38563
52977
3817
59187
25767
38038
50641
46933
11055
54541
24617
16561
4586
53140
5571
1365
1027
50617
7781
32926
13741
30890
44667
63933
36701
32700
19691
35586
47438
51621
1089
22967
62070
15117
43847
66197
63499
60319
31602
26019
46149
5915
61024
64895
39559
1929
31153
66687
64707
37654
62163
67067
35019
37660
59100
44453
49656
64190
3389
61485
58522
67172
31154
3313
30279
51911
590
43199
37387
12715
60928
20314
33945
52248
57158
10953
33160
45281
51683
20254
3766
25698
20732
56730
61487
47450
47579
33431
51353
1780
59974
47587
39756
28191
13995
32715
15749
31989
9592
9663
15870
22558
20807
27531
14413
42180
1563
15963
42644
55845
54221
48200
63161
17413
45380
54041
57159
48778
11875
24038
53807
2962
35016
42749
196
60273
57006
8657
420
49070
17815
57760
13943
50099
19190
31751
20751
782
8172
1544
12945
54224
26540
61037
9636
38455
61411
12039
3504
43395
67173
5656
66373
27840
1619
17585
36625
1658
20208
46657
25931
34762
16043
9921
15111
19903
32851
18981
57734
40966
16973
24867
4
64745
29689
49051
67159
41940
3534
32136
48762
1572
61351
32515
4663
10653
39109
25212
23076
11532
35719
36092
17809
48479
67289
50882
62676
60810
64639
21660
53153
27089
3956
41751
49856
38645
56645
60316
64232
5769
62161
48349
58052
3116
64368
1536
43218
60317
483
61648
13125
444
53345
19360
61012
24043
21078
11703
777
1225
1271
24190
16102
26443
64649
40234
48799
2734
12990
25213
17810
31170
32901
23474
6727
27658
9127
43200
1823
26543
10205
21574
26212
16391
31140
54220
39145
55271
45290
43456
23075
42262
40564
53048
42323
53780
49961
54960
34615
12509
44640
43397
55319
64859
31149
40139
49872
64362
38194
21168
4631
30196
12656
55181
6258
67042
19958
20427
63930
61484
43433
10405
59227
29320
48767
1269
19761
23327
30965
45078
17364
2528
34638
12549
61611
55940
49868
52974
53097
6546
43874
2301
3852
49396
1849
7890
1382
8941
32960
17135
55899
51750
16156
35971
53803
12413
20423-19005
50692
22998
28933
2135
4556
6187
43437
4989
3419
17574
59229
56200
12731
24229
57173
41462
50342
58491
67167
5209
63960
62903
14700
63379
14895
9126
42305
13005
39871
37788
37258
9260
44023
64189
61489
61014
58084
623
61414
31888
20149
45866
10934
61482
61018
61486
61488
37658
2670
10476
12879
94
12415
39465
45895
15970
40268
465
4261
17883
34964
50105
6098
1782
28659
43309
17149
55007
982
38578
59981
27146
50947
60255
66554
11892
20651
32859
34993
19146
33847
5521
23010
23514
16753
4964
27625
51016
32091
28282
46085
11983
50187
14269
34884
32973
38486
18778
20629
63269
65040
51338
36623
50296
15737
10122
5702
48590
50607
26414
17458
30512
40728
616
38615
39051
26030
31714
21564
4978
46399
56074
34204
65033
62839
56330
55137
40758
1511
20765
11586
12473
33037
9192
18895
17493
8246
26266
9364
42776
55901
55815
36503
48079
38495
37120
37256
730
13051
14021
54392
56652
16432
14324
26298
26621
8126
50301
22206
48203
22876
58382
9681
16814
8822
3933
53868
27806
35105
53144
57609
30846
8489
19643
32184
16179
12383
13770
56612-61629
59065-59067
32158
1904
9814
24704
8007
10782
23423
37093
64778
51389
66314
19989
11966
10598
16
61021
13178
30644
50889
5578
55012
34074
43541
53141
63432
8077
15508
9835
43814
51237
32517
19595
25988
58051
64637
66437
68402
62159
38437
55006
63404
58518
16705
35247
66421
67168
52484
5289
62294
45637
19058
46000
11157
25958
4551
485
50642
21190
26176
25319
18300
63051
30088
35938
1267
17143
32976
55355
7486
48486
19876
43314
13817
53023
48774
48790
15266
16660
15072
61480
22031
47585
26579
54976
15342
30159
2972
7336
24478
18845
26679
3841
12975
29925
6226
55027
54540
142
22938
36111
27530
35935
46879
22879
60974
9667
13050
8327
18709
10319
42690
30423
615
56559
46007
43373
9576
22681
60004
2889
30751
39979
36069
43239
55142
10483
18552
31814
49713
4060
26447
1989
2126
31624
1314
60067
63533
5669
4579
49123
41233
2896
30646
29037
36624
23748
21020
65673
19351
49945
22796
43027
64930
38949
9231
41163
67171
49963
30647
25987
12790
67043
3806
7617
22630
1102
52574
38763
46245
3631
37676
55882
51637
54581
12592
47134
20431
42145
29435
38994
28834
40173
7601
35276
2434
29421
56786
16586
34705
43134
42896
11889
50612
39904
31169
12009
44791
28407
36302
5707
26307
41943
37817
38056
45839
47442
41920
36954
47440
8401
62855
18956-19628
60119-60120
16038
9404
10944
34889
11842
23329
41660
8154
13861
53256
25544
1222
18135
19594
5310
51107
63961
67668
62101
37838
59967
66555
10544
1747
61019
46155
50694
54982
33001
1701
32683
11916
32139
67546
29090
42169
67165
10336
60318
65424
64376
38867
49330
60787
64792
67227
1348
31293
64524
64526
67166
43809
43438
53975
25166
25061
38060
486
57793
1643
16608
34517
47875
40929
16958
15455
42833
23251
9006
39426
32674
53799
20211
35461
38587
10486
854
57020
28811
38588
43426
1576
26308
44270
11149
9007
28809
39484
15286
42243
612
20021
9425
20498
24279
9506
15510
21982
13849
33060
1250
15149
29937
12890
3236
5807
34160
20776
41385
44958
31541
43904
44336
10094
25403
38689
17470
41366
50691
1068
1044
24823
22017
32498
18337
32147
53607
67175
7932
29053
60011
11672
3238
5250
23461
42706
55604
8612
43240
12481
39932
27600
51593
53976
13871
3273
52749
27520
61353
43198
21104
38923
30625
27376
55498
56164
4753
35654
5779
19040
10491
7306
40864
6616
41423
48757
8464
53457
51910
55900
55017
54939
5329
1221
41401
46137
67848
32841
20124
65344
11718
46162
27598
53142
45729
29434
24468
3244
27875
4087
35093
55907
40836
1858
29047
62404
17321
32076
29227
38286
25924
55177
51356
53145
48792
55896
25134
32980
13908
15091
4460
31966
50606
37208
20542
46392
19669
11994
46599
43770
20787
63138
30888
27088
47084
54223-55745
7170
2438
14435
6924
59985
2
64722
3053
64747
64518
2265
1000
32821
12439
13373
15869
52797
25746
6339
9403
10566
17971
58484
35835
54360
27175
59101
66831
56163
25932
25380
10392
16530
32972
16045
1636
7923
20282
47258
7367
55180
60672
46304
56819
62377
45268
56743
16656
55174
67098
18266
61207
30645
64019
38436
54984
54172
43969
58262
15638
37661
614
62789
53916
50643
25142
19908
2700
65458
55110
3486
26045
96
48412
380
32350
47397
16566
41792
30832
10038
42246
26891
35255
52486
2286
48852
32852
27176
50927
1134
2865
3780
59249
3846
32831
3500
30849
45364
13857
25144
8553
17433
37655
33644
15547
48795
42904
18518
21273
19992
15122
40056
10680
14648
18546
2064
33345
19755
27359
66349
6096
35201
16279
3144
55041
33757
50610
57605
15486
34990
27539
29838
49060
27597
9561
1498
13429
42253
31988
55890
1931
2020
65298
8243
45885
32724
32144
50884
59111
50687
60019
8968
27399
43939
49036
20904
63259
14484
66995
19990
27499
4809
32800
51476
28275
3305
59420
9080
62583
61481
10921
37999
1489
43217
26958
14513
50688
58529
25702
19756
63976
31410
28083
21975
15159
10550
5496
5479
4928
59975
1218
41164
25077
2947
8402
45024
35327
36629
32853
7936
37110
51967
24228
42296
63714
17961
28668
25105
11837
21900
34244
35795
12277
32714
5878
48326
13036
38187
3702
9413
10557
55030
38041
55883
57607
56165
49287
16576
41959
31080
48961
9076
5488
25885
6104
30962
65354
55888
19738
50909
22514
41930
52948
32533
9390
45201
66084
22875
16430
63695
26380
50921
56685
39991
24921
36325
27183
49403
27681
30991
20165
64521
45932
64312
50081
28220
20630-20631
9411
13004
46689
32880
6244
6184
642
3998
24791
25029
66198
31347
56865
25338
32374
11661
49241
66348
53919
67233
54666
32955
43318
60403
39744
5336
24973
51021
4638
12683
49048
48764
5974
51611
51189
54603
64779
60802
18277
116
34396
51015
14977
64001
20839
5580
37664
51746
21572
50714
51708
4382
32966
3134
4195
46687
39149
21317
10229
31160
52354
363
31801
30968
52435
29391
55001
58355
4194
4193
14431
9995
7082
14642
14971
32823
3808
19574
23477
13267
15806
64724
58035
7125
48811
53811
25469
9869
60991
40400
16808
17090
1045
18105
43195
23115
33779
12827
13690
42358
32908
52047
54691
55194
21106
54040
55337
55743
29688
32126
13765
29205
35185
14104
10797
49027
41597
33132
33332
32508
4617
2542
65666
49541
1918
43631
3333
12166
14983
56938
43418
48809
29631
4786
8314
37984
14829
30543
26415
32929
32551
25288
1602
26381
34527
55521
27713
41082
60632
48948
27871
33778
50450
38193
34297
51345
47721
63616
9658
27262
7176
39586
45243
41532
59568
59131
5241
16185
32606
11751
32432
66083
13135
2529
21437
6694
10948
6544
20799
47085
56818
1307
62397
19759
2215
3420
62098
2720
53806
25752
63521
22332
689
8835
38996
62932
53971
56651
20453
65386
37361
34380
25538
40280
32906
1094
2980
1090
32514
3454
2949
4873
5278
55028
3795
33157
64932
7330
30022
6585
32954
52536
65355
32915
2060
45386
8765
11848
31089
4815
66566
62856
31529
21272
25711
19087
54767
29316
7887
64901
38427
32863
50618
31488
34532
42873
31684
36796
51242
65530
59973
24900
59471
50608
36113
52218
9484
52663
29810
47738
47769
9774
13574
1924
1539
26416
16286
23744
61925
7633
821
54462
386
59234
50765
26388
16942
13243
10484
7327
39383
53704
20343
33553
44677
49491
64721
32949
52540
52043
24102
7642
37681
52153
61390
40330
14989
3774
18826
43789
38023
58308
13054
49943
57622
66998
60936
45888
27706
53844
52493
58054
45734
62566
58057
63993
51930
60759
11172
15799
56238
14813
9033
484
318
221
41992
54972
92
32155
13160
29749
24990
10811
55066
50561
55109
41791
19933
25441
21216
9888
12633
1812
12834
25814
13245
38292
64345
41305
26993
57994
29705
53816
35460
30042
24337
4590
42597
64350
10119
27459
19906
49191
48794
49187
47170
26892
18796
958
5990
42618
10737
40405
33896
6674
31270
35094
21701
1967
1560
20348
16788
10157
936
1060
17009
29916
7618
64436
41947
45389
56471
12198
57528
42781
52089
25972
13002
57600
53925
34763
50651
49592
23220
3174
46156
19962
43186
61357
59267
22461
990
11622
11669
66442
43307
23234
38231
14931
31559
48651
27444
28609
27181
25230
32296
3030
8912
787
10525
41323
54408
23368
4184
4697
2450
52548
12167
31717
4907
288
47194
1165
34627
47581
49397
64727
20200
19712
16646
42506
6622
49180
27480
30549
63974
63978
28434
40634
63260
54006
37446
29419
41901
692
27156
57783
41969
5649
34610
59561
56530
27768
32597
36346
50661
54422
51296
50616
46793
50503
26404
708
48102
21785
7302
32704
28243
1210
26234
42313
44492
44703
12055
14003
66946
50625
42649
1697
17397
37922
39442
20754
919
34093
7826
1848
12281
20503
59030
3988
17056
2733
7267
58310
9099
41945
41613
974
36260
28693
52002
63932
24130
20507
29708
7684
14429
54217
42194
26646
66881
32693
50888
67115
45284
54971
36533
37111
30424
34549
41073
31204
31872
13930
18831
58482
11830
49404
5204
37697
47283
63279
34787
59247
19679
20412
30127
68413
47288
50613
30510
55494
56769
65174
32468
20104
19971-19991
60250-68412
36663
18096
31470
25027
244
5574
11775
41526
26758
34364
59332
27155
64359
24440
38606
9246
6728
14625
15075
19601
64422
58312
40389
1659
63027
56166
54734
63936
3101
15639
20582
59831
41986
47547
19223
39100
53931
6927
1108
3508
33389
19565
14929
64172
10781
62198
65837
66430
43528
66444
42770
2511
66903
2338
66323
38373
56821
38481
53860
55403
45850
48841
10248
16987
12786
25840
40675
6327
28512
20353
14997
312
55790
20218
59176
544
43614
22321
20345
46969
50011
60000
62125
61305
836
2239
1788
35108
26746
809
29722
64703
9577
119
26840
14641
1169
10431
19359
2674
49490
66445
42544
14812
2496
31249
10515
2940
47988
13200
28414
33446
35859
33472
10461
23845
6681
12461
17233
29085
32006
48325
60073
1232
11700
35111
32923
10689
40424
8220
17942
193
9810
37592
1973
1050
13942
22700
27100
10834
44232
37590
22690
32581
1969
37784
21902
32685
27989
11147
34988
31026
5282
6431
45694
30173
32451
46682
32958
63287
1800
13450
29160
36982
19415
31821
47548
49922
45202
23035
43326
55902
63514
4091
48334
11838
10243
38821
26817
12736
8399
9918
34770
28029
19557
24274
8548
64681
42184
64378
50936
64856
9510
60032
19049
31455
8734
23083
32932
4451
43460
53814
26805
29084
25811
17819
10555
4237
43321
49486
40643
21079
5139
2087
11455
13745
26156
32882
26929
274
59638
41801
54516
6809
283
1217
4968
4976
843
42190
53773
11944
29924
2948
63134
11933
18761
34994
43621
67445
63715
26926
39231
27746
11735
51860
29989
49152
54194
7697
8249
29725
30897
28351
2910
42359
23707
7835
14105
2277
19861
1512
22906
55282
26526
31644
950
19505
9203
32207
48875
42067
15258
48802
54542
13347
57970
46946
40416
2003
33856
24543
32842
42267
27730
44499
48210
13885
758
64537
10626
55962
30149
26399
42357
1112
48652
55022
32844
42848
41482
3742
3812
49033
2539
50605
53158
63433
32082
43998
20620
31835
10416
20414
7904
3760
32883
14479
3463
11815
5039
54505
55268
35915
48777
24749
40271
17070
39869
28470
67114
50354
9155
7181
31197
37432
39067
53290
30060
10652
39984
31841
49492
7373
45340
56329
54513
44571
34090
35929
55324
59522
60990
13266
60015
60075
17406
20066
47717
33414
44296
18174
11152
63559
38966
35124
27623
41212
31830
48760
64357
45867
62698
41140
41418
23946
27479
52683
53608
46121
31840
39402
38375
40417
23178
50012
68644
63137
53548
66947
42070
59472
1958
40606
10855
5776
16759
14266
38565
29000
31820
41081
51381
12104
28140
1627
32922
55658
19632
52531
7836
2999
41245
65485
38793
54212
66261
28438
15377
12690
22369
32771
32723
52337
21445
8841
33660
58311
64931
29254
33158
26957
53829
56359
52132
25250
66402
67169
34972
67174
40313
50095
64525
17918
38688
56202
11612
26677
62120
10937
2725
24086
20228
18027
61848
22974
30859
14215
38444
637
25704
167
49096
8213
37706
59431
23513
59783
56429
65229
591
49019
53804
26442
53741
36166
25548
53235
190
11855
52176
9627
38440
24929
3834
8833
44912
6310
42118
32267
1268
1244
853
43913
1853
19973
1032
41560
15090
54937
25817
46368
837
24660
15517
26119
11820
38580
15742
1686
7643
7934
8616
1151
58073
55485
9653
11664
36099
31873
48233
11441
31369
30072
1976
9566
51191
8643
29783
29954
12178
22913
38235
17354
30990
18697
21901
22884
4747
28605
14665
24539
43193
33720
30583
15309
38058
60078
4456
62646
54484
33748
63333
38679
37327
8105
14521
1533
42269
25558
23043
13260
35184
61105
68745
49596
31394
34150
17807
35806
62886
33071
38019
17820
63977
36483
64381
53986
21176
40745
51425
37954
60035
16584
44986
58378
52013
27118
53192
1974
29091
4812
54007
30809
17813
8157
20918
864
20076
23962
32431
43522
65339
49214
46487
44714
14926
4200
1381
1735
2545
1138
3107
3033
5105
29597
20380
26585
902
49288
16023
33951
41352
19159
57028
39817
34595
34343
12005
41931
38138
53789
20596
21461
4321
60133
1842
39645
15030
26475
38063
10563
5703
31696
423
53444
61280
2005
54961
50572
54792
56921
43117
62413
556
50004
53260
1734
36537
56180
53864
18497
7999
23238
31822
2245
41080
51379
45138
43592
16178
59222
54424
59246
53051
45318
54519
1807
37895
11943
16969
26792
24685
22077
52079
10467
21731
5503
26406
32974
31711
64377
33079
48018
51469
54794
56709
669
60892
25754
26207
52294
7292
24148
32673
48340
31464
23902
44491
36502
64003
17799
32705
51965
43792
30885
19108
55135
54214
15121
47894
2628
32111
34538
10584
22994
43406
44674
30378
36886
39883
2723
26506
10801
25809
20826
24928
11034
11897
1822
26620
55944
36677
27283
15063
18992
19744
44061
13561
42327
1030
7794
2729
24272
19002
40958
39890
58944
32900
36918
14828
61904
63522
51223
8715
13374
45384
34362
48597
2183
39177
18748
7639
12664
42915
3634
55905
3847
26249
63488
43249
52798
50573
11497
60856
21778
60003
28137
38192
43942
44263
37240
56167
51017
36319
25804
32962
39930
16641
5069
4372
50675
63520
65926
25930
45338
29443
50527
3704
42549
32470
47899
67832
28912
53953
45147
63545
48605
33250
4632
66082
11743
44027
35804
44557
49687
47290
41328
27613
40406
49226
12200
14488
1843
38334
33846
41419
50523
49867
16145
49018
53429
20513
60070
65303
42492
57100
66884
40399
27477
45843
4717
22499
62653
65195
49917
21149
59998
63139
55957-56161
19600
17730
11160
39878
10975
42911
25191
6926
20155
246
27115
63444
64746
32684
14666
23330
57620
68236
41111
53772
64423
49042
57904
41085
61304
17050
27978
32307
41045
14359
26450
50815
32562
12194
19140
7134
32912
52381
67076
63811
66770
40118
54891
54533
4678
20090
38555
12357
21027
63690
11618
7377
5427
31370
29540
36455
49184
52709
33544
8030
32569
53781
14933
20639
64725
66415
15097
62100
39251
7820
42704
27153
55706
46063
55011
24800
15519
46821
55692
27116
57845
19589
28905
7124
44772
36336
30856
39302
108
27326
20346
20347
32201
28375
2165
55813
538
49212
50480
30977
645
39060
29165
9357
3310
54093
34139
13262
27108
28268
32657
11228
33532
13729
27411
30681
33721
57323
5577
1664
34992
42419
18991
51645
51643
29049
10734
41912
35854
53800
25140
10740
62546
45673
16673
53795
51672
53779
25637
6480
25984
39699
30280
21740
9838
1039
20332
47340
153
40586
64292
6950
63475
11171
23241
19464
48232
38390
11739
962
23601
48318
63784
61035
21083
3748
3705
14061
22107
5375
8328
24792
21519
21155
18514
27715
1149
12265
32532
32541
22726
4052
41181
29422
9258
42248
42249
34979
41325
37138
44769
24813
32897
2835
33179
43845
3640
49848
19576
12980
49044
4644
23682
32935
31203
53379
53191
3830
59536
38043
61536
32951
41339
28610
17582
35063
34930
31520
33313
49025
4547
19845
24812
19785
41966
21695
2151
35508
3213
39314
61753
5631
15446
12204
1660
26691
10240
65772
64370
17640
45336
54009
194
62111
1185
34310
52288
51942
19985
14737
61234
59257
59258
50816
8495
26329
10379
42300
13876
1794
33184
6719
3762
46884
21136
56639
48109
2709
2237
14686
64426
34329
31551
5454
41271
51816
12741
42953
17889
64708
62648
31172
11681
14670
45075
5338
41517
64167
16078
17660
52175
4573
1816
6716
14108
32996
66326
27745
19294
15557
26068
25483
38333
62764
21076
16557
49983
6014
19085
51929
754
53846
61178
58839
58840
54389
57759
60478
33333
4474
53945
65023
53983
39334
60018
20497
5120
4492
33968
66313
20403
27160
40781
35901
33003
19298
7504
4793
6007
19739
30852
32868
40642
11291
21602
47023
57014
52561
41169
61246
9820
38562
43856
34175
54047
10951
46548
54994
58383
57274
46931
63723
7097
18301
67427
12012
26562
62827
53482
32197
67357
42863
30886
32563
18983
53095
11759
5775
16186
60066
50497
32917
31842
32448
2100
15882
2066
54010
43716
16253
56438
49999
46877
33461
2546
2117
3525
44671
49292
50604
42822
1418
45258
51454
13296
18674
6763
30071
30073
43096
52311
4676
20703
14480
7430
6248
12499
56382
38642
27189
51858
54451
59888
1930
28895
19440
7616
22557
57761
34041
55885
49291
5027
7736
17825
11150
36093
2871
29213
9026
26418
20618
34206
42675
34009
40977
61861
7783
64371
37896
4334
43606
57903
57362
64319
5195
53355
45339
45337
33496
20607
38944
54460
50003
50001
50664
50843
30850
27701
34789
33418
62858
21716
65337
32631
54385
35306
40826
32360
10745
65627
39593
66625
49381
55964
33308
34775
52238
34738
35592
57099
38483
63437
15888
40694
19438
54046
40333
53954
24663
59469
48709
6742
26074
57838
14416
38046
64788
61927
56417
44668
25910
50002
55903
61389
10731-13986
64141-64146
55844-55845
1135-13986
35979-35980
44956-44961
55897-55898
2108-2731
44956-54223
3681
8381
51772
44014
58064
18223
50008
40759
1799
20803
53771
15229
59379
42021
29031
43080
31958
13158
13375
38734
67780
21053
23850
13061
26186
25392
34452
41333
32938
14879
2883
31793
32971
34123
23324
5235
31829
6957
62143
43419
13637
43398
7323
51932
15807
54388
45035
64418
54145
28260
62664
1310
29012
20613
34354
52668
65693
15062
43527
62679
38680
43342
43334
65668
17664
32180
9399
406
18975
64918
17886
54481
9422
43806
17989
36486
11012
3977
336
39116
56849
26313
5743
95
656
28379
52927
57997
19052
641
50311
49466
18295
37214
41996
33789
33768
4076
51690
24198
1685
60518
49100
13912
11289
31886
2443
64903
170
1061
25399
40596
65433
1088
3443
31664
39826
33342
64169
20575
1488
42608
34629
48776
60025
14935
3484
333
45372
13775
3914
18865
39434
22158
4918
3347
7831
44378
37963
20352
61260
9586
48327
17583
39331
21346
136
23204
23966
31439
17100
11843
12968
36775
16828
17172
27980
37263
26896
2882
5523
33426
33433
28707
34272
1611
25824
34724
4979
28821
20881
47577
1046
52947
25668
44840
22534
24815
48733
62943
27172
46872
26752
20198
57398
29173
39738
38574
52850
2144
5302
60325
47519
15995
30103
17109
39079
27309
23916
16928
65936
66436
53914
63980
7792
64331
11663
28841
41961
46310
3346
59909
6128
40006
4146
7042
49453
50685
4618
20150
39239
28269
23871
56630
9367
28214
32736
34876
46079
48440
48426
38218
19010
38618
20483
39848
33694
41266
20823
19719
28596
8055
2335
63500
7448
10295
48781
63478
8879
65877
51339
57612
64962
41456
11128
2900
44970
11338
3871
62700
44922
31828
19740
7220
25620
26601
36721
37174
10806
14888
39727
12329
58003
10310
33412
56018
42151
6239
991
10799
2899
53180
20331
22457
59543
32630
64168
37297
54241
39042
41287
28141
23549
38188
3835
441
54191
793
18077
35708
36875
29719
30814
54340
62523
41886
66387
64950
20538
14289
20572
42505
64401
52615
16890
16374
49031
8678
1878
29709
14482
7120
27873
22915
10293
12391
7517
28854
16873
20131
25249
3575
22889
38953
53690
781
35077
33388
13040
21446
43299
19798
59322
32564
63394
42887
26461
5124
22456
27714
32957
63332
64383
43796
65735
48758
18173
65204
41878
44309
41304
50292
41780
48959
13214
1633
28643
53609
39887
59105
46260
42692
31811
33741
40670
46820
26462
20831
49869
42254
20438
60324
54995
47204
57428
761
764
63411
66537
35677
38032
44637
8053
19183
25176
19713
52180
63614
32321
30019
30966
63434
21644
13867
38336
52842
23620
2154
8574
4055
43907
17195
41235
46964
5480
11412
43079
57625
6751
60031
39006
859
12846
64040
47583
59979
44553
12953
1783
40351
47773
30199
61915
21393
4141
32718
15516
5572
49621
46259
3659
50000
53120
3751
7500
20638
53514
31722
55185
4869
3724
1566
38130
34819
5635
56463
1224
54664
24694
25336
26819
51855
36153
40304
5676
23086
27375
50984
30756
21789
5068
61229
24983
16642
6238
63029
15096
32794
7734
56185
3161
36673
33934
9375
23055
9363
2762
3208
53856
48803
53184
32710
14776
14959
31907
32749
34703
56501
43966
32692
34749
32696
29491
29002
45146
20753
49593
51634
48196
36323
36320
16560
61430
38382
35664
16947
44344
27567
46161
13949
34736
60992
44391
14380
51018
32694
42298
27121
31108
27748
44432
10619
28608
28288
22704
66798
43320
49311
47722
33579
54387
11771
6929
25446
38223
50014
18104
38226
40411
11514
61649
37970
11904
54677
63498
5136
12017
37312
25795
8265
11248
22786
40761
42324
55246
56422
2179
6891
13767
32840
36304
45501
19566
16198
19676
43643
52699
45280
63469
49680
27761
58232
36618
19890
62259
4442
31036
56732
62844
53665
52761
44905
63496
49293
34177
52686
55031
52017
33447
66660
50619
31329
56909
55029
66948
19879
63140
47184
24055-28389
43361-56612
54507-54511
60118-60119
8397-34680
47604
29003
43317
6729
1360
22311
7180
67079
21283
54461
10542
26704
51442
28017
50931
13071
22973
11158
25079
2267
19
21737
41324
38725
54671
21047
53581
11915
25779
6273
3286
55584
64519
5219
31211
34590
5568
21353
32112
10512
55779
34126
54210
19575
67277
17298
27500
13308
68714
20015
25043
63470
33387
934
11281
12266
23611
26386
54011
61230
29010
2070
60295
18627
26016
10128
52402
60023
66433
66434
47049
5149
25332
11183
3923
65176
22081
20820
41029
23443
4174
42878
516
506
37642
36421
236
56927
40957
4517
26113
20354
24381
487
308
300
56242
331
179
67806
348
53026
396
22805
34912
23930
18345
38482
6668
9943
16090
48995
47772
61068
995
3062
7079
1380
4810
7348
36169
7342
29728
28913
31380
63542
37012
10916
42556
48769
2363
52239
49407
66369
31675
41394
16489
3669
25277
1239
7788
53920
31681
976
8170
48771
42596
7578
64344
64349
16666
40024
2667
581
299
66451
56168
8453
50784
22538
26513
24231
53041
8029
52039
48111
49690
40127
50969
49948
9261
30074
38681
64912
41872
4879
60766
17887
35509
50912
41002
45574
55606
45667
40298
59984
2362
44501
47491
3779
13405
2310
29040
11336
17559
21738
17411
21324
23501
12550
36422
39886
13337
31906
19187
43194
27082
37786
32492
18119
36861
26214
43524
29957
32595
9637
39252
29706
40322
61404
62647
42626
46606
56191
27808
54524
17831
21608
21587
267
19562
15351
4661
35501
34875
52233
51229
32920
1932
41817
59444
7603
1886
1605
46650
35591
6930
41762
18540
52743
14477
48333
46654
8188
14132
7329
14596
17909
5866
64061
10931
29086
59345
56083
12476
28410
18333
55614
35123
65937
8622
65874
59980
7403
15630
33413
18732
40900
38105
35582
9193
65164
56419
13153
62258
38747
49007
35303
44262
23797
4640
20736
12417
31545
20392
28398
12878
50583
57228
42715
43759
21036
36087
37223
48780
18459
393
59511
17051
5113
11846
37863
11024
34460
2379
60017
21170
45665
11877
35581
31928
5340
50926
2188
67428
21423
16379
1124
45142
52723
66181
30948
17254
60654
13927
47437
52186
21506
42587
388
1223
18855
42407
1826
26647
32653
26962
44676
49128
60674
34154
21749
63532
42102
53036
19046
51443
42335
38465
19227
27065
40937
49552
62421
9333
30220
64934
54793
56919
53553
18562
25264
15568
59245
7141
17996
10603
23911
11251
16736
66390
18719
7346
33467
7982
9593
9862
42569
49190
35931
14047
9397
49186
57230
25420
18188
13717
14663
31798
31713
15605
32872
11533
38568
49495
47884
55881
25921
44878
20430
10407
51217
49997
53267
15261
20603
63007
18137
2607
3274
6637
32115
60773
46619
44390
27772
686
7212
1779
22265
61626
19790
35047
46822
23808
58449
56282
63593
28309
39354
14490
34391
58338
20446
21599
19064
45346
3661
917
25712
33017
2078
13118
56423
33462
5392
66664
34802
23348
15504
8690
65520
23552
15279
20501
9680
46095
52174
20757
21893
1847
33080
22087
61572
48759
38839
12793
45440
36794
1101
52399
32866
42297
13624
23741
18206
21229
820
8312
64433
36080
7945
62896
50603
42443
3953
2395
60290
14248
63891
22533
10270
23223
50156
42980
18248
50611
37755
56178
21275
3753
20990
65628
9077
38829
37232
49189
31049
58276
9981
24811
4893
16587
10269
2751
13673
4731
43556
4476
11457
31694
60677
61534
46353
31791
6155
31041
23838
55264
17315
3804
26407
63515
6148
31606
23367
53262
10826
11439
63492
67446
7614
998
42479
8770
10668
30922
4381
20825
4223
57462
39086
2752
14463
16000
56631
26229
47563
32278
40883
48960
42374
44790
49854
26800
22500
55723
23678
5536
15475
30734
16076
4720
36917
40396
3449
27195
33772
13894
36055
47941
63431
18262
55040
52696
8756
7444
45341
33231
40436
47223
52985
25308
37692
13311
26721
34776
45345
33526
2316
55000
27901
48796
41317
38189
22329
19446
35903
32288
49247
54518
35930
45197
12976
50006
64841
39318
6854
36569
66826
34131
37400
38597
23613
25397
43396
56591
7155
63414
51281
24040
7068
41515
13905
32373
18166
54390
47880
12876
39050
35259
4186
36209
13895
64571
60072
20461
25602
41175
38868
14189
52622
36754
44345
61332
39723
51647
6215
48797
38842
50434
50672
36470
40484
56831
19162
47035
40770
34748
12201
39358
27569
53941
37309
59944
62841
65288
50358
5112
14191
25054
32999
10959
5929
26383
6453
45955
24184
43040
65780
61398
38858
5856
13881
55232
66975
45245
7930
5931
45091
52563
64665
22313
25651
44673
32861
26700
38946
57101
36492
18400
14294
45671
66309
61885
44752
45324
33491
58480
45131
53843
13712
40158
55168
44687
60986
24101
24993
20671
37047
57758
40921
64456
60093
68427
64509
12913-12914
50871-50898
60567-60942
68254-68408
483-484
18716-18956
63256-63257
1299-14850
32716-32728
56161-56162
21611-20423
55609-55745
11891-14996
39424-39425
55845-55846
68412-68413
24920
42821
42929
3964
11864
40448
46449
27114
6709
34535
38479
58737
17928
29229
21861
2946
37785
1499
16364
38567
4454
59248
65404
21953
32450
18585
19968
34691
28250
62144
38197
28
41949
66011
55339
32282
3044
4323
811
2127
30457
54708
54709
9872
52181
57998
66
14298
48872
61516
44394
46575
50658
48152
34122
19345
32910
28039
14864
63298
66317
60057
66327
62122
30113
9919
31465
33547
62162
63651
14459
11238
3311
63782
11690
3665
60287
41496
56030
26409
36040
20500
28170
11662
35477
23816
62564
26470
64424
2578
16232
195
8101
62411
64709
36342
52425
14171
52879
15974
5823
14834
26798
5744
23735
20485
53810
19297
17112
44529
36337
5371
5891
33252
19342
1591
8601
10870
19287
42588
5433
24200
21294
19007
43145
35507
1288
19403
19710
3801
17946
15751
1399
8210
33794
6722
14574
10190
12759
20899
32942
20744
47605
17986
20758
7417
5940
25464
25598
21015
43291
62399
34632
2820
22154
55362
27735
23484
24338
26099
30840
33765
64920
129
30815
180
29554
14937
17740
49197
29771
15725
20479
26561
22595
45282
658
34745
53244
64425
39236
52184
65456
34228
11967
40693
10694
23612
33726
48324
63181
27203
40814
26795
59990
21255
1733
1840
20551
2988
26517
20421
31550
2722
6218
9936
24473
35770
33627
12264
13220
4479
6569
30698
21340
22151
9139
33377
36423
26310
30854
30723
27524
42523
11461
54903
10807
46684
51964
29921
50076
21748
17010
40760
44168
7318
38687
40334
19952
19350
5178
26083
38598
64015
26352
48465
43388
38025
42648
43864
10952
39986
42247
3140
25013
37996
50840
64790
13539
32061
23594
35570
54706
38545
5980
13196
20852
4971
17108
17814
56569
66431
10434
55104
1959
4791
13426
31900
64039
40897
1662
46962
65105
25673
25040
34646
48320
48761
4320
54165
36167
63612
34975
34654
27516
62177
14985
13584
41639
14222
53274
55272
27074
63619
296
298
19047
16103
66329
5080
25406
32678
5431
53793
20377
4732
30874
5560
34149
50943
29478
54946
1622
55274
37826
10551
14472
47774
47551
32777
21112
58527
51464
40123
26385
48626
11593
43071
2704
34686
6700
8995
10454
3447
3444
11899
2504
56757
35957
54528
64804
24675
2028
50636
51012
7233
12354
5323
37736
46224
24955
3404
5764
40488
14133
23963
35005
53790
23449
19161
57305
21462
9060
42058
45581
45025
44933
51576
42026
42408
5142
41741
60882
27685
40324
45486
12792
49639
50346
33097
42328
5467
34588
23506
62045
31655
67809
5316
44818
59473
54658
40936
54005
54796
62412
3750
37251
10735
8059
25876
39654
5564
59556
21764
12395
10527
5559
35003
27984
25615
26419
31101
24956
27874
13947
36283
7277
13326
5153
12191
11617
27747
5796
41937
52700
57054
55296
5460
49398
53102
2792
10370
5376
47480
16693
16260
3284
50324
19560
2690
18884
10714
42554
30841
57488
63772
43795
62840
57475
40881
36753
23001
11938
38277
63527
9811
3728
20294
59485
31346
37163
55742
57649
41492
13744
26539
39048
31129
28640
21857
39319
62868
24898
12228
28446
23450
53098
43454
53982
63375
34973
54365
22516
25756
54472
54160
40097
41041
32503
33335
40537
23245
34573
29666
60007
49785
12776
760
33693
4766
5899
38803
27568
1300
2692
25790
13056
1098
16971
22667
48523
1714
65182
61340
12545
11094
48970
45546
25612
17341
32711
19781
18460
37917
44578
12423
53255
34665
48551
28939
26015
38121
13619
58118
65528
56249
2983
65960
49457
22650
4651
16250
23831
20182
29188
40499
3943
51160
57817
8701
15573
28327
37021
37609
1049
40122
46185
10337
18567
24767
9498
1186
39816
3792
51267
53478
15536
9336
59256
45868
32902
38061
31326
4230
36550
39307
27846
17404
39229
30254
2975
4119
4349
52069
3068
32829
16396
49001
42062
58834
54572
45350
10443
25133
35053
33148
1962
55061
994
41724
35962
51245
2859
54488
33556
32073
45629
3642
9499
4179
16699
27012
58339
19428
33580
25793
40014
51467
30666
34128
41050
5396
14088
29919
56555
59679
51850
14580
25291
41919
31778
6231
11844
58945
37806
43738
40645
22607
57518
12839
10989
42574
17903
38875
20389
26594
40928
6219
66365
66953
31619
57675
16206
30521
6899
7865
12227
29523
53783
12653
24845
16226
49029
41734
55976
46049
24745
17139
51773
54225
52662
2753
37005
54288
39385
6441
14994
10625
35735
38472
45777
3672
55018
64929
3887
29849
21710
37568
15514
34649
49239
31960
32909
8536
14339
2285
52292
60038
2508
26919
42845
38152
53615
32226
23583
23070
31387
32408
39761
48740
46080
27186
68077
26299
28999
54875
51619
24354
60922
35415
2122
35928
35809
27312
38335
30420
16384
62524
41042
61147
5117
11416
63686
8974
57890
8716
50158
35907
2147
12106
34480
36557
10358
29186
25313
15442
21261
42509
62747
60005
9819
20616
15082
47648
42590
50015
64933
24131
42910
59893
8392
3980
47428
59976
38505
12951
63555
40165
27372
32731
31964
42286
42491
49021
42319
49953
32067
48354
61762
26801
38059
42482
53185
49047
20794
3626
1805
57229
52225
33304
9732
28887
46001
62019
66674
30599
20422
25640
44228
36893
23819
35376
8351
4819
15549
20847
9794
34274
6489
24137
32856
10965
12223
56416
43634
55979
55034
46794
15281
13906
8398
49419
19178
30396
42469
43572
66066
53614
62058
31064
62396
9481
63957
28835
42379
7756
58208
22487
12458
52720
7735
7732
31495
25678
14203
39189
53485
4165
63412
64645
6391
15274
65430
13964
37687
12062
45475
52826
10719
3227
14067
24609
16696
33442
51236
62426
32991
41533
25803
48964
39934
60160
32881
42561
6129
30307
45307
55884
38044
11551
48788
35134
43393
33190
62998
43031
25094
57663
52344
58474
58475
58477
48112
50933
50186
56393
53053
11327
39840
38174
37516
18479
53515
40391
55330
33362
39935
53521
66039
67836
18320
47150
62819
35774
47415
60117
41425
39988
55895
62400
28291
32077
55891
60954-64152
43803-58715
131-13647
3674-4703
64378-64381
37986-37988
61502-61503
28756-32052
33310-34505
54223-55609
28406-28407
26391-29775
5083-13986
1299-29918
60120-60121
63509-64255
59040-60822
14998-14999
52075
52076
13459
50328
26093
47979
25240
19013
18649
32805
26832
41910
50215
67078
64066
48211
3328
42038
9373
17613
41900
67077
8
33858
39408
21725
22279
4748
35647
55555
65752
37800
21355
41327
57624
25466
3087
11946
33108
1875
61462
23247
27168
21981
20393
19902
10929
64566
27872
29736
37680
40465
55
63436
20394
35426
979
15070
21293
13469
26337
23195
8211
39241
1018
30757
58352
5457
56553
33836
27556
19584
33163
63410
13140
20996
64320
67814
65299
66450
47811
63641
66799
62678
46523
53769
10522
49046
41764
48736
37679
41214
66435
26921
25737
59062
26491
34323
40329
20669
30649
34296
16395
20822
26591
41469
17049
507
508
528
64492
63949
7528
40964
4422
47767
24422
20448
4294
37796
46331
56432
38927
24514
479
39233
63685
31117
31452
59260
408
55020
18419
33039
35534
47729
12820
32379
344
25553
28840
34719
40150
109
45764
178
53462
138
14496
17141
30845
2697
3800
11227
49160
31139
6309
27692
3403
9753
32656
25408
34509
17959
24302
26706
28963
9137
56089
2669
913
2686
8917
11999
51641
67116
67304
57966
2941
25465
26753
29214
34289
44606
35474
8332
16637
7407
6975
31845
855
48775
53778
42602
14754
60074
10664
15032
22627
39859
15764
60406
3670
16505
18344
21148
27884
28819
45087
48143
23358
37284
23233
32913
40618
54509
29441
21145
65159
40410
34834
23737
3331
12197
31947
57882
4335
21195
47160
14548
11498
8109
12938
887
2592
11470
12212
33058
12400
22315
27001
13638
11415
20953
35724
27259
40664
35949
13192
1227
40784
40845
29928
24036
34352
19206
634
39581
22646
48279
64565
12988
60041
51247
54838
12124
1331
46683
44543
33576
36959
55205
52762
39437
41166
39815
10986
44605
7437
21194
55786
7150
12851
58313
23693
38533
64421
60486
46955
41592
64294
712
24371
49502
30921
63336
60628
12495
47817
34369
64106
11942
22979
32189
53730
19295
23039
26848
42954
14406
32726
53105
20113
52575
20078
20897
9129
15083
52501
3864
5616
18157
31757
317
9740
31607
23975
41652
10510
57125
64062
64723
1938
2235
32701
32382
51293
169
17950
33797
54213
22800
40133
9143
29998
9707
182
36573
1637
63694
17620
12205
6450
18807
4788
5257
56085
32475
42966
18774
28909
45969
38177
37261
48966
52004
1157
46626
846
56321
62518
21960
56401
62625
40220
34778
61038
57715
41380
29923
18231
12174
9374
5711
6618
11995
2318
25976
2186
25231
955
7544
24044
25683
40124
15938
3842
2451
1565
14410
6237
25160
264
266
33696
27724
32797
34641
19532
42623
40521
62265
55683
61160
281
2732
4689
10587
1177
60001
60798
28782
45666
4634
25038
286
20196
59999
23508
10564
60561
10343
39265
19850
43604
58481
32998
36168
43057
22845
53809
22773
35154
53410
34205
47742
47447
47470
38962
44355
11324
31263
41983
55237
14510
25229
46477
8936
53879
12737
48587
14381
9778
31201
46258
5160
36511
56857
16201
1590
65387
19972
33311
11667
3083
38065
27523
28688
21028
16910
52106
43250
30867
23278
48273
33000
57955
40199
47441
35153
16168
35594
37855
38471
15524
27904
50184
50088
3883
33419
51595
23371
8510
57133
57126
57128
56733
61184
16428
38572
57360
62875
14713
26789
57074
65185
12992
29978
39015
65286
56920
40934
67351
51901
557
41739
43964
55427
45137
27717
37408
60059
15348
20333
57082
41926
59996
38224
35392
13951
3446
21268
16056
3589
52283
1091
9405
54368
14719
29980
37504
9002
10538
42090
60040
64620
20306
20877
11015
37278
38753
42451
27612
57640
25934
33738
42377
4608
26114
15034
44672
34508
50919
61020
25762
43632
16421
14440
39647
24789
28157
47281
33840
11222
20141
51297
14761
31861
47175
60391
13422
55523
58381
45655
38593
61939
3991
25014
10646
26952
36649
29098
45703
44322
8738
1984
28660
10823
35532
63512
59666
64557
13627
25334
34572
6240
33531
57361
54993
51920
22257
30733
50353
54378
47572
6851
61112
54158
64799
23074
17265
16821
58049
58859
24529
54818
8097
30729
43587
33771
753
64840
64552
14001
6073
874
11677
25918
18340
8320
35686
22364
50594
14384
40834
29507
42502
49938
52689
32422
38737
3598
45343
56281
26031
22006
23015
49289
51662
63543
36448
8273
38120
31102
32604
21679
8815
11780
52523
41219
7856
1184
40978
18075
9684
3621
7635
35573
45315
55353
10757
28914
25720
2448
24547
2297
1827
14363
2204
41710
35407
19938
34252
12514
38370
3354
7481
16059
39206
29694
7819
8014
8391
40197
23017
1136
36119
8371
52438
2863
13778
26218
34903
27184
37650
6680
13119
22997
7791
16066
25625
54527
31856
55013
21377
10955
38699
42349
57425
3034
45100
22975
19169
24944
13383
10529
16155
64809
64154
32979
3264
27705
2491
23271
38037
60951
6186
11488
31978
67648
9013
1696
26844
15015
4243
12145
21930
19705
6682
58771
60026
10317
30848
40820
64415
24129
40259
25011
18012
34586
12762
41904
1319
29986
14877
14385
18803
40799
36431
33239
38276
24562
32135
41035
17614
53096
29672
50615
65873
67235
65642
44824
48832
51434
35950
40463
33793
44577
17182
32782
42410
53883
26035
5028
7562
55943
37416
43450
17933
8613
4507
32392
53506
1638
24715
2765
15868
16797
21399
16714
53689
32744
5691
4970
7685
47739
55184
47031
30803
47458
47459
32790
4646
44439
35083
43676
65106
8394
17467
31706
51244
43325
60315
28602
6525
37422
10725
3641
57947
56640
33559
43682
20547
52564
50357
3791
46432
56550
6072
13926
3160
8751
53824
41057
7538
4053
34895
2707
32780
68057
44567
1537
54171
23082
7422
12929
5325
19189
27047
10829
39793
48739
56545
36700
66297
23619
44380
58105
43238
13928
37607
47736
59146
30066
3744
59201
27953
23546
52052
11422
8754
27362
11468
7361
37044
51642
22541
47889
19677
49954
32574
53708
38271
44770
27331
31505
51277
58036
43962
56734
45799
27919
20106
19054
5422
16688
48541
68055
28903
16539
27962
7341
14202
11440
30176
44725
60143
50013
58743
58943
29382
3568
61514
6501
16307
4122
2695
25343
43133
42778
60042
30749
6201
40604
17877
63497
56203
65356
50203
40510
44366
25632
37807
41916
22484
47054
41960
45514
16004
16943
19815
23430
26495
64440
34531
8816
6820
20067
26636
49350
29744
5465
42079
60587
43731
22365
21044
6272
26146
63273
66191
51741
6107
59269
4566
54695
65519
32725
14175
33977
49498
50580
19219
21730
38942
20407
47229
34449
41645
24466
60013
55894
36715
25925
14391
56354
10414
48734
15276
58564
8143
64854
11002
38135
65611
20125
20025
52730
13591
36783
21658
27249
19231
68504
17231
50208
16760
1778
34141
26611
26788
18281
39827
59045
23438
41379
65671
4882
38726
39010
23071
54529
47613
17617
56075
13310
32566
19173
16029
38256
32837
13416
37115
14649
36686
16281
46833
60472
21970
8169
41516
38153
47691
39386
65838
67646
43103
38013
2312
35158
19290
43900
21904
32465
11833
6297
3060
2850
4309
38922
51256
13873
14538
25869
63662
32222
60029
6599
36659
55812
52105
12491
38982
37521
19645
19175
52612
64520
20774
50638
5374
28896
20401
61338
9609
50236
17536
15410
19848
5845
42121
25755
39008
38585
46014
43785
55021
28513
38377
49229
34605
48242
33787
44466
32789
53261
7733
6298
6042
56346
27112
12969
54386
12077
23539
30943
40316
43797
9326
45492
49564
23011
28219
14173
19221
49944
44906
32848
45798
19230
37233
59523
56906
46600
12778
54468
41320
55445
50220
60116
64789
53443
53865
25768
41415
50571
62039
22924
47025
6631
27463
50333
35157
41915
34952
50724
52390
61033
63265
39857
42548
41771
50648
59778
55760
36349
50097
36736
63917
64754
44531
44678
62845
29687
35275
34516
56729
37098
39131
50631
61368
51458
62207
23105
60601
50476
52616
34542-34545
33310-33538
63534-63554
46679-46681
64037-65002
37659-37660
485-486
505-506
30856-30859
43309-43314
5636-27328
55906-55909
20429-23810
26305-30751
63257-63258
3133-3583
484-485
58839-58840
64377-64383
11233-18956
61629-67135
2652-2653
50614-53431
1129-1135
63255-63256
19656-23080
55886-55887
4707-4710
64521-65174
51177-51178
65353-65354
59191-60252
32963
36953
29345
11122
35280
50453
36892
23200
33498
44907
35588
52406
38259
41906
52223
7026
55602
2886
11707
14493
26227
36000
62710
20047
4828
12192
12472
7641
56817
45
33754
45257
3000
19900
28232
28874
25786
57177
60286
33723
31379
12900
31422
34176
33248
35975
31926
66864
67029
63832
66621
23616
22903
15747
8008
45513
54525
30699
51252
15136
44397
29895
19624
22556
23820
27778
55714
37177
10447
14012
65104
21698
13471
1926
46
40136
23439
22896
26044
41490
56338
56381
32742
57919
29067
33510
17259
43182
15031
15023
20641
28813
20998
48889
7787
8004
8001
8123
60465
34864
61378
1405
14578
40427
51104
27955
14706
26922
23965
22880
61463
7772
2121
10342
33648
27971
38992
8652
23323
57811
35442
48906
15088
20148
14280
17823
14143
530
533
529
360
60362
38586
29948
44138
18862
17279
22076
40684
233
593
330
29563
37643
22196
26503
42843
44916
54963
17113
877
44493
16894
98
58774
346
52981
11361
52881
31462
22860
44130
25917
25872
49775
6890
51713
511
234
65110
343
40938
66126
61352
5623
48081
35549
33970
499
8145
60159
44327
9414
349
964
38838
24201
47744
32404
29816
47471
51280
51320
9420
10002
1910
852
32994
33008
16041
35785
29729
29870
21766
1368
15201
42405
4932
287
25159
2092
14954
47719
15440
14637
32927
30817
259
44995
47071
36961
42241
5133
3844
21478
18087
10360
28187
26147
33736
27412
33074
14522
8891
16274
1029
4743
4273
16454
25582
43673
123
32042
7369
29932
34189
53777
21875
42563
42158
64342
36915
15451
16105
15399
16161
68207
49057
1017
65745
15448
596
11880
41677
13044
50475
2002
4582
48783
61034
25566
1852
1717
30075
339
14744
43486
817
13217
8563
21994
29960
50581
12893
1004
404
66763
2306
20919
16993
36268
38241
21181
10507
9631
16077
37847
8460
15941
23219
25409
1986
25552
8032
29357
4749
20692
23303
29573
37588
12362
17215
20072
41180
1854
16882
32504
26445
29987
21342
44891
31087
44616
45649
16335
17972
14893
30648
20635
35933
33382
32886
32889
33718
35644
18070
6870
1597
17085
24311
15862
29922
9958
25660
34643
18118
11781
1265
30677
1461
1455
16469
17247
31710
1642
42630
41568
50686
3189
33762
49213
11960
45815
26320
66875
13092
64261
39301
34151
6658
55402
984
19543
57543
41963
51955
18898
19804
25627
40876
30983
27049
37117
4654
63353
13720
55605
3987
42497
31690
21894
42245
17026
25263
36200
19444
8310
44950
46527
13902
47473
10450
47135
16027
4445
29204
43073
8078
6974
55965
659
29606
5518
39330
19353
10422
21650
3199
55436
24392
4441
55098
33600
43167
28014
64900
44937
34974
35159
28701
65521
10697
9233
6603
19545
36674
46175
53477
1051
32943
9822
14918
34482
29702
28227
54235
41121
35213
39507
30535
43940
27273
47027
16578
9906
12510
60189
45184
15493
43276
58636
43308
11001
56455
36477
2599
18650
43189
5613
24076
6330
29558
63689
16327
48142
42913
61530
27210
6703
8785
10220
15138
14010
44000
52064
34089
23821
8819
43908
4346
17489
6398
7860
7975
19775
2799
2010
60921
35377
10964
10006
30124
60987
20749
18918
58949
54514
46314
8840
271
58019
15967
10816
29123
44530
56257
42475
32484
7179
1819
19984
892
921
1711
5487
4973
3451
13562
7940
11744
2065
2094
2068
4575
7491
3288
56635
1152
57405
45662
32490
1163
15347
28325
32452
29988
38915
36392
50558
59196
51011
14682
20039
33956
6673
41706
22083
65398
26378
4339
27398
54904
46906
64402
12677
58755
16148
40148
39736
13030
40926
10759
7840
4290
52422
56170
19003
55132
37566
25345
53815
68202
49936
15877
17457
16839
50922
40975
2170
16567
14006
45232
65647
23307
27484
64375
7889
62257
38498
51781
44991
39441
49119
11738
21048
31216
4455
51838
34809
41047
43553
13244
46389
28405
52210
59140
42586
13971
38475
29871
41004
12541
66085
64956
44793
50007
57178
17763
55865
63979
48831
6576
28366
57123
39002
64064
67380
11393
44464
19533
56111
42138
33232
45247
47172
60505
8685
33182
55221
55025
66041
62311
65886
61813
55081
33875
62041
60475
553
12943
15426
19803
4694
29869
4359
9418
34498
15343
13091
35655
35658
2650
4410
23030
25662
26032
19039
42640
12210
13491
52304
26854
7365
19680
37259
8965
16492
11378
42769
3498
17239
7884
5760
68457
1443
5151
10928
8293
33317
16036
3582
20016
36458
58374
39310
60163
14240
15722
8324
49875
34962
26361
38707
23276
10015
20973
1070
35207
10647
30518
22750
15642
25927
66793
11913
43520
43502
28011
4311
51203
7312
32190
29311
3239
16902
28058
68119
45387
2570
4767
25383
47000
32424
63473
40407
7297
34967
53785
38792
18124
10255
11249
45453
31132
18392
32814
60020
13746
48230
13576
6734
57155
41715
61042
48346
61434
55589
50291
11462
25419
680
31002
50276
36370
4963
19830
20795
63407
58838
38596
16742
24938
42152
40874
29981
42865
40750
13379
34639
30120
41386
18403
17616
47050
52624
53838
5357
5358
66806
38054
48341
46706
42787
51224
21162
48951
21718
20368
27781
50274
41151
12589
38820
66940
53680
12813
15092
50596
29001
1887
32447
48509
40046
39361
67306
13707
23313
19758
41554
46502
56403
64600
56108
48708
39353
56114
61618
55863
51943
62028
63572
25297
41309
56308
10978
6029
1276
23986
11403
14689
2657
1058
4927
6417
31844
7325
42123
38674
22292
61897
6991
11504
55719
26008
54326
34577
35909
51810
8813
8630
25526
54205
65151
25354
37042
3818
65160
47945
58744
29612
8821
10856
16037
33493
8232
24579
40134
3224
13075
21105
60146
5409
27239
26558
27776
8247
19707
20315
4802
55032
6268
50955
39829
10709
55893
17721
34619
35978
32978
20854
24098
38557
33525
3764
42547
19571
33512
20644
16604
1369
12011
10628
17242
53671
57617
13440
15735
31634
67481
21011
35419
22091
28922
33515
64022
7398
12565
44925
33750
15593
9901
48584
50438
28952
9731
4625
1154
50587
8463
27592
58476
4606
3501
4959
19805
16131
6918
4733
19367
17952
17426
3630
15028
30505
65758
2919
33528
17797
41194
41939
6277
61764
6467
48834
40853
64330
34645
23173
44299
66876
12195
49306
56489
36246
1789
41187
65623
45898
4665
4669
1412
65629
56626
26017
29413
35269
7074
7122
3513
3519
1911
7706
44898
38752
9032
59019
4704
7959
2211
37062
28565
8272
5607
26353
2880
14582
58483
59535
5458
53926
37201
36216
34083
1414
18591
4808
11038
11873
53774
13994
8098
34554
26014
53242
15501
944
27257
55196
14604
36609
12408
21167
12301
5420
35599
14797
6766
63357
12021
977
18801
51891
8197
67657
43023
64126
43865
44038
27232
38351
47732
9818
11314
4831
61431
64935
67356
19001
40727
6193
29920
32983
35892
21349
33539
65529
7715
4328
2891
34401
62250
16702
18039
33500
20714
52568
15782
32776
3854
6207
15418
22294
18924
1234
4384
37354
8893
38106
18608
2935
31738
13693
49002
21654
55269
42170
9497
42555
35657
13276
38940
38685
7880
10173
51631
6233
3021
14478
42066
11121
27202
22663
42782
2304
2819
67835
23712
45863
18541
20434
31371
48806
4653
26028
4058
36484
50929
54958
33769
10011
6190
15042
62708
26774
32019
9218
5091
25423
13898
17643
29024
32141
31716
57191
56558
56556
44259
44260
63427
10063
13603
52957
63787
21931
54512
23574
53270
57480
15832
42166
26324
40847
28822
23510
38477
18305
39068
3302
1582
9058
42493
7526
63713
16854
6937
17203
63710
39526
32864
34773
33725
2724
39485
34054
48531
34087
54558
43868
44298
5047
31517
48394
54560
53190
36479
4774
55424
64316
30115
33125
45102
11257
45516
34714
3996
4045
32280
44514
20835
47284
44607
35908
63618
32850
55684
45382
43285
3130
36405
14017
10974
64838
50010
33925
35684
25596
32775
32783
17283
7622
40818
40258
63237
35420
14965
32227
24267
23475
31546
30059
39889
53296
4656
48648
40189
42568
31709
47413
60077
66834
61039
63661
48388
5847
41964
50848
41474
21835
54312
53015
41221
47560
30804
58729
25528
13062
64249
64672
8380
30726
45889
24591
64624
53239
32477
6646
51487
41529
41322
27371
18890
36601
12654
12492
36814
12632
60811
11503
43087
49732
45321
41066
27630
30887
13931
34341
67156
38366
36562
17385
21829
29720
49185
18475
5867
10191
12484
13377
32175
31185
48782
50118
43570
43499
43751
14464
27985
60635
27378
59751
35676
37699
44803
11587
23749
8393
52506
2220
8017
9421
14674
1656
44648
13401
38955
19437
28984
18462
32893
51630
25192
39380
33005
41679
41023
49694
35693
40159
49440
47195
42474
44746
57434
10918
42488
9650
9475
39832
54364
15972
27274
29730
64572
57920
48145
58994
30380
26909
42490
44480
28532
25641
48173
28535
30982
50563
51440
51558
39370
18797
60156
65063
32933
49553
65432
15465
24807
19022
42600
56677
67644
47336
37282
28929
39830
63050
43834
6705
9611
52182
58671
46802
60450
5026
6598
19105
41622
56314
16662
10768
55328
55322
35163
28988
14011
38882
6928
7505
7540
19822
60511
44623
16692
61429
5166
6634
26686
42117
14518
27225
21282
40013
68946
6454
6458
17059
32682
17611
55892
14960
9111
26357
26029
11760
3304
39706
3542
27093
37101
55049
50885
32528
36233
56348
54739
34546
33848
8942
15368
23648
24111
33180
36799
64435
40635
47225
9398
45252
37814
15437
28907
18053
13801
29622
48240
55764
26791
59873
34548
28116
17002
45228
20442
24451
3975
67762
25154
22904
34678
64897
45664
7719
7561
6131
35485
15968
61910
38605
53939
28009
51305
47760
4488
24768
34740
4967
53441
63435
24750
37591
63146
34856
33527
58411
47642
41857
15479
3814
26642
52081
60565
38762
25588
24387
30600
25267
11244
50917
25236
47456
26820
47711
6227
60372
10691
35830
39556
47034
37862
32641
38102
14436
64658
39352
5850
38936
4274
50981
20484
63066
9839
59551
53813
47896
68645
51854
25265
27493
21143
16944
55015
50923
66769
49860
37594
39841
50350
14809
49957
41297
66694
46250
11935
60397
49951
22454
9723
34501
50629
50626
28352
32259
26309
8544
48804
43102
64576
37455
40397
43674
25792
14172
50005
55327
50447
24019
59815
30736
17601
5825
47369
62458
42462
6566
40625
62464
55382
6588
23366
26095
29995
25386
22701
57154
28265
18681
64397
26236
43224
52372
67802
25679
42808
25238
56507
57365
62626
19974
36234
37522
51776
50437
55077
62325
62883
53049
64610
16743
60764
50805
52744
56415
17978
58760
42033
43862
66353
20466
33589
55985
60777
62598
41174
38972
36723
66416
67801
66724
62529
59642
21899
51155
54627
40362
61847
54317
59470
30901
68428
53024-60567
38973-41079
20423-20149
55744-55071
54873-60942
20423-19945
62313-63862
60942-64150
38400-45895
1299-33300
63258-63259
16278-40421
12111-16954
54792-54793
56162-56163
13202-25299
53257-53258
44955-44956
65676-67045
2107-2108
56651-56652
54749-55957
801-802
10079-10769
63432-63433
47438-47439
11177-14141
2851-3133
65561-66247
55844-55846
50891-50737
57608-57609
63137-63138
63138-63139
60250-64509
11438
14762
6252
47957
50564
1462
24323
47740
282
40541
65841
26923
25605
30961
16589
46072
5524
25321
24937
38237
42150
31600
43226
44066
38832
33775
34741
14405
63014
3082
14507
26011
30637
43171
19689
7
64059
66814
55095
20534
3095
37815
40617
6345
51
34233
34236
65799
3584
49163
10005
25806
15199
39154
58466
8252
56644
9059
26393
49589
12646
42703
45118
5986
54612
26479
16869
59952
31150
16182
28524
14221
29656
26140
11231
25873
27905
33483
57691
64742
65631
49050
31262
34125
53007
60367
64363
66022
5383
65111
17124
40100
33698
17232
51725
18667
19309
17581
19564
42768
10446
41
58649
14570
41609
3505
35695
21821
30833
3984
13669
57674
63761
63768
15650
41028
53
5960
24726
21800
24225
60399
20898
67388
36151
28453
29967
64517
21634
7991
7996
29825
19491
34598
66351
62016
17683
64361
21073
16451
16121
26851
21859
19941
21115
33240
15395
60289
60288
29518
35326
65652
40446
16813
54113
38963
5642
60
57539
20773
37675
55809
62971
34794
10466
20784
21009
1507
26354
14961
13370
17871
47737
19522
10659
26153
55159
36340
51438
237
220
63709
66671
328
17713
4249
47390
472
458
10230
54187
60371
585
4295
15562
8352
8439
24980
47079
66108
313
504
39268
371
17541
40962
51843
19109
36756
353
42322
40612
61991
42412
43804
140
29738
43766
43283
10035
60453
58090
35764
5373
5475
31799
12659
15467
25006
48082
52031
40824
647
28349
347
64755
61205
27250
8645
25404
16611
6595
2370
3020
64898
38566
33479
51420
53298
53974
24893
59341
8115
59992
12902
16466
50098
28833
40782
24968
34989
1042
18465
50063
16644
33004
16011
655
3622
12923
19787
55947
62316
66149
3207
21774
12750
58849
38532
44931
62565
51646
16800
14315
51268
55770
21610
33784
1639
3649
61763
15853
21189
18058
1798
28981
14460
3700
26750
63696
24992
2442
27882
18614
8551
22576
5517
29958
41476
41485
1787
416
10840
18083
4800
34277
8079
23667
25475
31239
44778
15886
22219
36728
8962
34032
8224
2468
21896
24251
40452
53826
53827
66559
23053
61303
32916
938
21559
40656
67978
46422
6221
46745
57329
62188
1757
40679
64354
6329
4227
636
32633
28412
33767
690
56372
28143
16843
14360
7527
450
462
44845
222
10561
11694
22040
24197
34755
11660
35338
36532
35607
17101
35527
20845
22338
24484
16393
9932
10970
12216
21689
11770
15179
27358
33728
14738
17361
37621
3261
6531
18294
48691
28263
41968
28235
41179
29578
43945
36912
10036
32261
47321
30985
23298
33706
16802
28812
30458
16468
27927
29930
3855
35379
9562
21685
18001
43583
959
5870
55342
29661
34869
42355
65366
1481
10979
32855
38140
61132
45663
24167
43059
65383
58227
35811
60187
21584
61379
1037
16663
20463
4885
39110
28794
37059
44007
47251
32612
56037
44323
45505
24744
3230
44716
19751
1479
41521
6308
50216
56653
40749
27305
43458
10892
9349
15160
12134
58170
10682
17153
41363
54120
20912
63684
38886
45186
23618
13834
35959
20625
43179
38958
62301
15302
15074
1259
17348
8964
18910
157
26012
155
38659
20903
52404
36208
18381
57291
45977
53587
3664
6296
6900
15701
64074
49941
19869
46010
5152
7667
10433
1096
10273
13960
17484
13653
20609
297
44117
52177
50940
5658
17604
26326
2513
54948
21688
42650
35043
7140
25871
67441
55190
66087
41806
18396
6359
22590
35262
24344
63490
56976
57499
27822
34914
927
54915
23217
17719
6650
49508
1866
10888
59640
56470
38714
46762
18588
10933
46861
11047
39055
44429
42660
51335
51336
58502
53913
44443
64414
38766
33170
61306
51468
64128
37481
65815
44462
44269
63022
17596
45400
33207
49700
4724
6333
6970
5704
9763
39813
2405
1053
15763
13136
11720
26317
5961
24034
35203
14930
23803
31936
43997
13109
34768
11198
549
5946
2110
7663
18565
15835
5478
32746
45012
7386
1755
8777
1093
22361
263
10214
24884
36485
48723
23817
37175
47549
18777
25961
35595
50751
51265
45538
6956
37173
19626
49045
41898
59882
63604
58951
28705
2240
16032
2044
10449
60036
58736
19978
285
14709
29494
20980
29690
33566
18625
20152
23753
63691
28139
40678
15766
40132
49809
7454
12155
43760
356
4735
8161
40184
24429
6948
4523
43630
40837
64111
5646
24705
23629
2573
45215
22258
24739
64736
56892
58152
14804
42610
33942
15227
6066
46059
26193
40070
51569
36232
9964
16897
35642
41951
10399
14147
34653
385
43613
48807
65407
57311
8842
31433
39316
43903
57932
40129
49771
50383
18426
5652
56602
22435
50920
26596
54591
35352
13983
17082
35799
44675
45437
66951
15301
4576
29542
61464
64968
30758
47897
1206
66659
415
48786
49347
27191
60027
40607
42051
42894
9738
51485
9362
13076
59524
429
26138
25991
7676
5952
20993
28404
42330
58059
39427
4604
9048
9195
20308
3946
33088
33109
35130
36962
14087
49738
17776
14853
11206
39688
42750
24452
21166
49988
54323
57131
45167
10366
55734
64063
45289
63982
63981
11317
24597
41412
52628
34316
7924
34648
62863
862
9666
545
51423
53020
65885
65306
30294
21110
47386
2577
555
22820
1890
6699
21954
25946
46776
22166
26519
64917
54901
43196
31805
42814
8472
1487
7759
24032
1357
29965
49316
56066
13334
8760
32509
29431
12949
20480
8205
5432
7851
6099
8368
42363
24113
24306
19504
4148
10715
42250
19597
27182
5394
20808
1841
58369
33799
34080
34374
61036
5590
599
26196
39866
30870
29610
21586
9664
51785
60028
1524
32858
35082
41341
3765
28460
14267
5320
32035
41253
27040
19125
59445
24568
12882
13520
9864
31603
1670
33894
31245
31190
12864
47928
54414
20102
6993
3503
18159
43300
38355
49298
65277
15047
12551
22507
49679
7234
28682
15452
59243
3255
39563
23491
44620
7557
7518
26853
26648
57219
617
618
11734
21191
35569
40112
44944
55300
19433
6176
48417
53517
23332
4621
3399
49968
3627
57240
59881
45844
20622
18018
54968
61154
40992
3729
2178
22214
4417
9742
59034
30194
17007
45924
6793
41782
55461
60864
33766
38556
65452
33277
2978
16424
56539
39059
29893
8605
45265
57051
66669
1907
39814
30793
46642
67252
51502
22266
47174
28345
40517
50258
31849
38918
19944
62092
48552
53952
34626
4734
55720
36644
49151
40048
14019
12593
17054
14029
31119
39967
62843
4980
14026
14753
39320
11322
6590
9471
63916
14944
34399
16568
62419
15867
35311
41799
13681
53455
52048
57344
62824
58038
12321
27017
30780
51922
62873
56451
50020
32029
21876
66942
56305
37641
4167
67631
26515
50309
2981
5268
20388
1074
2337
39822
3680
62436
2298
11293
4399
60048
57203
21077
40702
7202
5146
23373
24649
13961
949
26403
8610
53171
8405
57152
26072
53747
48751
62779
6750
31542
39518
52871
38600
48927
1818
9584
5886
43846
8934
55259
55999
64902
16804
11428
5654
47193
10115
3235
52196
19910
9815
59665
814
1122
2665
7793
43941
10748
10567
65161
8070
18523
40912
38039
1021
57017
30669
35800
52305
20982
49343
3154
19479
36152
34987
22689
49448
38015
31777
21109
18399
17936
8655
45541
8254
7390
3636
45022
4303
44211
7321
1182
13788
32833
49766
35129
15196
933
2212
1628
23562
4280
23121
18073
14000
50125
3467
3740
42603
32722
8947
16675
7985
44313
13958
5954
4013
849
2460
4209
6085
10474
35128
19448
12364
59268
1384
44775
4263
19580
30565
3775
40120
37305
7604
11615
22544
33262
55297
17580
58517
11883
38468
42551
11480
12936
1246
10412
61849
50428
43575
50644
3248
22004
4699
4649
4681
26323
6406
2826
35834
54398
48139
55918
42444
47643
14832
39729
2728
26302
12697
27402
14801
2939
56477
17301
33583
25638
16497
10108
20055
21436
17035
4888
7956
7961
7962
1285
23939
6778
30051
17687
42199
2735
34085
40638
42176
2771
2767
29552
4642
22985
58758
53794
32103
65175
26899
4679
11613
28328
7449
41465
18388
34446
14398
12322
26965
31221
60016
30838
4921
40822
5367
55615
41661
2651
15849
17529
30474
2322
12870
48276
7276
6370
21259
32306
55186
10334
39125
48858
13758
52126
53723
63438
65488
23214
31752
35533
26602
25510
13224
51507
11066
50597
10516
62481
48153
35031
15379
48726
13573
34601
66950
67723
64744
40733
46352
42406
54192
57953
5906
68476
29637
62487
42962
7393
26595
15303
9124
42122
33455
5930
7738
9022
6521
3170
7847
32554
17510
31158
48384
4860
50421
36312
52005
31959
15711
64427
11931
26685
26197
10629
13537
4242
16259
6611
1756
30096
29480
39824
7688
32011
25487
13164
28586
15155
49005
29618
52763
14275
35659
4655
4664
60653
8780
7018
12989
60395
65134
10742
3606
29308
26149
12640
37883
34561
5259
9104
17866
42252
57168
14976
15002
5031
26560
1752
9802
38296
27722
7632
23422
31186
41264
23780
37477
12075
44328
43820
46426
5537
31271
45053
16175
38623
21555
35314
31257
43511
30571
36935
53186
59510
41539
38457
4830
14253
42564
38573
24081
45834
31163
4088
10819
7668
23092
38099
14407
13592
32258
53002
47338
60267
50482
21493
42192
31800
66038
32305
60808
19313
31687
60919
53792
18117
5544
28771
51241
37326
9185
30433
10556
23084
37878
62612
3045
62861
10624
13708
25802
42591
3093
29065
41941
15518
50401
29774
15826
16134
53238
25074
39558
47516
2207
4607
23096
63242
62815
50690
45905
34525
4169
12292
46698
62234
29802
53499
43539
36689
26535
61451
58163
67384
17138
51393
15998
53307
48247
17263
26348
15668
60973
36307
23008
2764
2770
55642
37167
57124
60437
6563
6902
22779
38476
37561
38582
44352
40167
16796
6815
63568
36653
31508
19376
38755
56939
32903
37528
62866
63424
46695
32865
49902
36981
55798
13476
47269
3770
48373
25575
33030
22899
55024
60090
45917
8890
4711
27044
24577
54837
47384
40409
64844
64839
56526
42177
32887
21971
42927
6628
58742
38655
22309
1688
31107
34381
7007
17304
31466
35301
53644
17399
47224
49496
44041
53292
19509
33306
39394
20144
33949
12376
53068
27583
18773
32333
37831
36221
36650
46572
51397
65651
49127
38064
24556
25890
46220
29715
8477
30195
37428
15416
65362
31609
27332
39897
9628
16194
5430
19942
30620
34868
40245
42006
50544
39675
62026
37958
47877
43830
34142
52524
57820
36254
33454
4683
10303
48117
49958
48815
11792
42478
34134
25864
68234
16376
65734
50316
19091
11014
21728
34178
56263
27684
41263
7453
57583
36322
22965
25433
53183
19599
32289
5495
20643
32874
30379
62264
11934
35384
49822
41623
64459
57016
51939
64559
26395
31772
67059
12488
27281
61109
55465
56127
67180
39925
29306
20320
26925
22660
23623
42113
53181
19606
58510
43429
2552
24280
51523
63162
3520
2367
4436
28188
55055
6969
3644
56590
33883
19736
66696
27970
35144
44919
11635
10267
11992
8814
58027
45076
43453
62245
20786
34478
10749
13840
61374
17644
14084
6962
49972
55682
43757
22767
45479
1617
55005
61107
42661
20455
3759
55094
26306
36083
26285
8792
23442
25592
37439
4936
16983
32773
16398
66941
15323
42579
11368
24033
22939
28147
33312
6920
13828
10139
19214
13593
29517
41923
15837
6757
17278
50053
38684
42343
49823
47517
10766
15548
37969
23047
49937
52368
51803
37581
31832
39388
14030
23555
65080
42817
54421
57511
30746
9613
61203
46549
48965
18491
11397
43821
33782
29874
18752
40797
24743
33517
43173
67877
19456
29866
41756
20866
51812
63168
26696
28229
41522
32093
63440
39443
28958
43119
42422
42595
14270
20262
50635
61110
51852
29301
19243
39842
60087
39457
45705
5942
8240
10304
9505
11680
39248
45519
18984
42520
3332
38466
35696
26630
29215
34941
64651
19572
13952
26566
13037
39496
65453
66516
36449
30180
18239
42982
44034
60374
60859
66040
9383
20313
2137
32689
20781
32608
23418
4792
55323
33191
40341
5778
28990
46779
27316
61622
14598
40931
25863
11232
54815
57242
30566
36467
48197
18417
10724
8839
23148
4388
16266
23365
12358
43725
60238
2177
3299
3300
3243
5057
8771
59892
4622
31670
25645
13984
50332
52054
4981
36036
36048
18952
56744
40807
39752
14284
8241
65369
4171
6715
5835
51633
53334
48674
13183
47751
32914
10606
39795
58513
10508
37250
18044
13048
34079
26358
46731
34547
44850
21426
22688
41017
40196
65480
57029
51774
40047
10377
11545
4469
59674
51934
42136
14255
52209
51157
41105
55989
41104
25033
40296
44759
40925
30274
46517
48967
61011
29968
64904
31483
12361
49442
13052
50570
47095
11090
28177
15296
25753
25763
23512
16467
18052
6389
51470
54557
54209
15419
4222
33271
20989
41794
60824
15678
38584
27107
15027
30894
44398
59043
47221
39701
13322
32937
50554
22318
13356
9871
19776
26920
67635
6456
29794
56735
57270
10423
10402
58488
11275
38683
58960
61964
62669
26040
10048
36378
63652
25195
11003
17136
62871
7739
16173
38746
6300
8919
6197
29462
56803
37840
56347
32795
51190
42326
67592
18834
12645
13112
49205
45256
60477
45224
34231
32591
14607
47902
31905
48717
31512
30667
37787
44862
47099
22901
13924
26598
48997
43310
30932
20713
28240
8772
59228
27933
46562
24860
49710
53958
31632
57900
53037
53237
7824
32531
25642
28936
42235
49482
24161
56068
18284
48577
27197
42559
38553
26261
48694
60438
11517
25856
40842
3922
64568
42666
38900
64406
49818
16896
57673
34843
48640
6714
50600
49550
27435
50789
4124
53927
14194
29743
49706
42783
27792
7731
60854
62999
49887
6589
27498
33885
11589
19754
63008
31130
62737
24723
59634
62990
63069
28102
41427
4568
15239
33482
61241
32131
40755
28996
31461
51387
40415
11629
29907
57445
50705
56237
55016
41527
57844
14149
44497
48437
36274
20909
61301
67803
60292
65007
57151
66693
33434
20901
19517
15898
58467
43111
8294
44754
52737
59897
14013
13371
48398
46419
67889
7070
52373
39820
28381
40581
47704
45322
44936
27495
35161
38367
55738
55325
55654
5784
50147
49000
42840
64455
23063
43885
38732
36184
37929
41027
60064
19773
42958
35049
5994
35782
67433
28344
41982
34350
6191
60842
6262
15181
53798
48069
41376
66044
67805
17953
13858
41935
51807
15333
27476
46926
27066
37036
38916
18032
64102
15507
42930
22655
10386
18433
60556
60558
52906
51122
48647
56594
18837
23317
30460
55247
14177
10176
26478
11956
36329
36049
44679
54506
40200
25499
56580
17771
23409
45149
28870
18492
55283
38730
33162
43866
61150
44392
55052
52773
50429
21306
61397
59240
51243
57828
55700
42217
37083
60482
16598
62597
37096
50964
54626
38724
12282
50845
32740
36456
61291
52127
26392
52609
63113
42696
60043
25106
41407
54863
58050
65358
17816
61854
34541
26719
43255
59486
37872
44979
49366
35166
46797
38930
46105
49378
40627
62600
50293
62862
51258
59098
63141
53652
43110
31823
51809
64311
39272
48176
62893
66228
65951
63245
60320
44478
43107
62595
66388
1923-1924
12913-14508
64166-64634
19971-19983
13985-13986
10730-10731
62578-62580
52572-54873
64165-64166
60822-62794
63197-64141
40972-40973
63174-63197
28389-30279
36335-36336
19933-30968
47066-50894
64634-64636
43361-61629
33501-33502
20423-19936
482-483
53807-53808
42181-50862
2359-11754
1128-1129
2104-2108
52088-60252
55940-59191
65675-65677
10225-10226
2107-2731
5075-5083
55027-55028
55901-55905
60118-60120
67114-67115
33339-42771
48799-48800
29918-33300
11297-44956
23810-38794
16683-16688
25025-36994
53142-53144
66191-67180
50894-50895
59067-59065
28044-28045
53864-55494
32680-39873
4066-17712
66881-66884
13986-17824
62855-62856
62698-64521
63123-63255
12167-12200
57607-57608
57760-57761
64509-68427
