7018
12948
10705
Root
12944
11428
11436
12946
11442
11431
11439
6735
13325
6835
12670
11437
5554
3628
11070
10602
9889
13326
19184
579
1650
7003
19312
14735
3296
16118
5150
11555
11675
3819
16418
11563
16167
11562
6261
3341
988
11566
16166
16354
15880
22039
8455
19647
7798
3732
5018
1850
16160
21230
1131
16162
19657
11438
10598
14670
17261
4204
6949
17711
503
13689
14263
7485
11072
15390
19827
16164
11073
13391
14769
16161
11706
17650
13049
13452
898
8097
2094
11378
17200
12085
18872
20677
11569
13050
17504
18692
9275
7080
21232
19209
12732
18871
16403
11557
19658
3441
17275
1849
4555
12949
12257
18634
17274
12947
8656
12158
16168
3582
17235
18875
21869
15821
13845
16098
11858
13616
7285
8789
496
17726
12570
15884
14968
15820
11042
15249
1283
15061
18105
531
18886
10994
9727
18865
1212
19454
11434
1946
17764
19662
17180
19661
21038
3196
16227
10777
899
15119
6347
1584
1092
15393
8655
12592
17930
1486
12598
21323
476
14151
906
19197
17263
22010
20911
1063
16134
16295
1494
779
20506
21436
4993
11568
1583
9454
13323
15741
7098
15557
14788
15127
17675
8639
20423
2229
21153
7286
11877
1363
15242
16169
16708
15846
12590
1923
9856
21277
1789
15340
645
14782
504
5145
19602
19646
13469
21201
9356
20928
20427
11874
16661
11556
16204
12943
21458
3195
2095
20424
21855
13850
11574
11256
14170
11800
12358
22106
13567
12593
12594
653
4659
21163
8654
17262
12687
3581
14253
8638
1499
6016
8653
1470
11561
21245
7791
16206
17234
565
14193
21723
15695
8128
8592
20201
22008
11578
13849
14122
7205
892
2456
15479
21634
1555
15336
9181
17244
15598
20722
11397
4808
20328
6154
4326
2199
226
22001
22024
6180
20310
4940
3279
3359
14112
14265
6786
11219
6452
7027
21229
12031
17239
17238
9830
697
11538
2815
14192
16975
20482
16488
1250
10356
1871
16860
12084
18343
17242
8354
5652
18539
2431
18136
18230
8376
13291
1406
18226
1320
18874
16872
968
8748
2315
17240
7038
16948
546
15118
7516
15845
8597
21993
3301
5216
9482
20825
20229
20649
11573
12494
17889
7358
15289
11207
10073
15529
14089
16450
2749
21456
18752
21856
1465
19965
3136
4148
13721
19932
14285
7066
17481
2316
11615
7352
15083
18137
20467
5299
502
15218
17162
15916
497
16334
13686
16368
1814
17387
13393
20434
22005
17243
22037
20214
18873
21231
17550
21340
12753
19701
1373
4542
3720
13865
6830
7200
20329
20935
19587
21828
14106
20873
18139
4930
13462
20377
6134
1480
15148
7846
18694
20243
9089
11554
21525
15452
18037
7316
13778
7315
18138
13733
5815
1176
8799
3428
16489
2287
6778
13551
15740
909
20936
12524
196
15477
1422
15226
14760
3329
18693
20462
22004
527
10120
12512
22002
13770
2365
20872
19962
15276
3717
8900
4021
3057
14770
7658
1501
7371
20647
19675
9809
11208
9431
5517
16451
1213
7953
17305
1249
1783
1030
13771
16001
7458
1564
13466
11571
10444
8981
9222
12782
5144
20824
17241
3426
17760
484
9833
19253
20517
9187
1370
8122
18001
14117
6323
6021
9902
3662
15475
21211
20228
9787
7116
810
7035
22014
17161
10830
11616
13406
19382
8659
4868
13746
5579
19906
12670-12948
2038
1492
18223
7031
7099
13880
9627
9821
4325
10070
20755
3144
1412
15228
7003-8097
9847
1146
20505
21908
1511
18039
15623
8752
16215
14969
22003
19881
19930
22140
17606
11758
10705-11070
20646
501
6624
241
9711
6408
15627
1585
19146
17347
22044
5043
3593
11353
21338
22026
14110
19635
7562
22043
18553
2239
15474
19492
10539
8304
20508
4892
18222
18087
10138
20946
12724
7657
5199
6952
21452
956
17763
21212
18871-18872
1656
20645
1591
2878
5162
11355
311
5037
6498
9673
22097
16165
2276
8441
21906
6374
2970
5684
10721
4667
1166
11593
4932
19251
10170
14000
12516
4631
3730
1520
862
11376
11493
16251
8046
1271
2148
4984
22027
17171
21620
22006
17953
22025
19931
4619
2854
295
20140
1184
1385
16002
13879
22048
20481
19700
17201
13191
2033
5404
7624
2288
5026
1136
19882
6934
14090
15718
1605
14915
8661
1427
11231
12779
18110
3224
21445
15533
19147
2895
3117
1095
15343
3624
3340
14761
8148
13528
17605
867
16399
11431-11436
12944-13325
1153
2032
3471
1544
3795
17156
11821
12681
10428
4564
14678
11881
22139
2746
9693
13848
12489
15147
9858
1263
19478
10489
4130
10161
17268
2247
5614
16383
17608
17698
15302
16131
7376
16415
7302
7012
5700
22046
481
14378
7140
15476
5287
7715
12368
198
5015
17058
1752
13805
9756
5273
7726
7823
6177
6244
22045
1571
3866
6616
5578
14826
20648
16190
1392
20426
11844
20905
17723
8141
8412
21524
17750
4161
5876
20754
20311
9555
8655-8656
11431-11437
11428-11431
14220
1175
11407
4859
19550
2985
21796
10412
6404
18316
7156
19829
703
4727
1426
1318
2816
9862
4848
20038
10772
15455
10740
3743
15332
6006
524
13711
308
11429
14121
11720
5512
2028
15524
21276
17448
15480
12085-19312
20328-20329
12946-12670
4820
19963
9517
5164
1389
458
2818
10645
12042
11240
5066
14118
1395
4373
1326
4743
4745
13405
3729
7559
22041
12780
7725
1210
14825
11472
1518
1062
21999
10852
5680
15825
21876
21453
6042
12765
14955
9597
8593
20908
3964
22099
7180
10142
20200
6009
8933
21888
12182
13384
15830
19961
5742
13325-7018
11436-11442
11428-11437
7452
7943
20141
8906
17969
22079
189
1805
11713
11516
4184
16021
21437
17303
7625
12172
6232
5357
5576
1556
3246
22100
20143
22194
22262
8024
11655
22318
8421
4817
10165
8753
7149
1575
17223
1604
7176
9608
1922
13152
17288
19252
12017
17850
10283
1026
1245
1715
6015
9235
8233
16164-16354
7018-12947
16237
1523
4688
2894
3197
18758
6904
9151
15116
5592
5275
10942
10139
17157
16091
693
8394
8052
15833
12161
3704
3170
1593
17784
6873
22047
4192
15735
776
19571
14335
2951
406
7722
13231
11405
14389
4609
8448
4185
9532
11230
5177
5272
7747
5368
8497
11530
16071
3788
5585
16072
8751
10660
1094
8521
12948-12944
12944-7018
1494-16661
13845-13849
7243
2382
13901
14413
5519
2227
11375
1689
21763
9293
11560
22075
2222
12391
3989
15902
7007
11108
21907
6389
1364
20418
1319
7797
3736
772
4202
11564
2065
16050
18239
21619
15454
12583
561
12683
11790
9010
4287
3080
4356
15367
1671
13302
6840
2787
1539
11570
13527
10719
18086
13559
3126
1314
9879
10553
1794
7777
894
20931
13691
16250
17517
22080
12014
5465
11384
17929
2801
6010
22070
18355
6207
11186
15516
5859
1394
11439-11442
18874-20482
4090
14805
18475
8425
16017
1361
4181
21534
16004
11421
893
487
2318
1574
16569
11550
22040
7727
9014
21538
17574
21132
15835
17449
22087
7274
8423
12927
3881
22101
5424
6262
15792
8313
22074
373
4346
8730
1692
14119
13517
12658
5573
4945
14316
13387
10787
19089
22069
22007
21701
4627
14622
5589
7051
8341
22072
11436-11437
12948-7018
7018-12944
11555-11562
1003
2896
2190
17800
16612
11791
1324
8982
17463
6962
6362
21518
16019
6405
12793
14833
9781
1127
7683
19668
5776
5033
10851
18632
20146
20965
14270
495
20264
7107
7718
10674
3135
14271
10621
9657
644
15388
2742
2998
5621
9799
22071
3436
7839
9674
3434
13938
1602
13881
17839
16497
22042
18034
14787
12212
14282
19908
6572
15634
13883
14191
19570
6527
10439
11498
4937
1675
19682
4861
19295
6686
5069
10675
10927
1162
1212-12358
11438-11442
3296-7018
12670-7018
10705-11072
5490
2451
7464
5071
2466
15569
21311
8745
2105
8380
5197
7965
1589
7676
4921
20313
2765
710
12825
3134
3657
4637
19788
10164
3592
1160
4839
3623
5942
9703
4193
22077
8353
14424
17558
3759
6891
14618
22225
7698
19285
1507
8319
8980
3790
8044
3545
21313
8019
8929
4734
1365
17838
19194
22076
3213
17425
19301
20717
1163
6285
16510
994
4904
14823
506
11406
21854
20142
4955
6330
3693
15614
20479
10628
12694
4742
15761
7018-13325
8653-8654
11437-11439
1610
5683
22078
10331
6160
14286
9191
5249
6132
4636
5264
15913
12533
11572
427
3731
2750
13091
184
5538
11747
5449
21832
5537
2500
7858
8382
17607
8346
8874
5369
15502
8744
3684
5214
11602
7086
19830
6809
13304
19935
3475
21894
2983
18141
5356
1203
15231
13287
10215
12495
20680
3855
9413
955
18341
11273
383
21312
6704
5921
4933
12783
1568
4379
8756
8043
10885
6184
7311
17426
11533
7497
7333
1611
4759
1464
4182
14190
3530
14219
7026
3230
17447
8485
14205
12358-13469
18872-18875
645-1283
22014-22024
11874-11877
11070-11072
11428-11436
1022
2218
13166
3800
5117
4262
4149
22073
4390
2376
8229
18260
6909
12561
3095
11368
3825
1554
9185
14281
4304
1510
20466
8290
17421
17586
2496
3201
8184
10791
10613
5353
9468
8183
13046
1428
1429
1525
2762
2830
21700
9221
13743
17138
12758
10158
11869
7338
2114
16105
11559
15848
312
15232
1717
12954
1563
14176
3659
10720
4594
3779
8109
1669
6383
2586
1479
1983
13303
6138
6393
2869
15575
9604
5557
1419
16369
15359
11846
10212
20139
9861
19789
9032
14801
20169
15453
13847
10496
15380
8125
22196
21871
15002
3818
2495
11762
3478
10140
12442
6274
5219
4298
12730
1028
11947
8518
1004
1368
6412
2820
18253
15625
20694
16162-16167
11555-11675
11563-11566
11566-11675
12948-13452
3628-13326
21230-21231
12946-12948
11442-12946
6466
7409
10488
15195
1235
14201
18225
15641
2982
1524
4789
1635
11408
3036
2711
2106
13128
10069
2686
6420
1333
9204
4595
18718
17420
9257
12909
18552
2653
4573
18656
4311
5993
20456
18515
1315
3703
1628
1491
14633
3421
7623
7284
17298
3599
11386
16423
1185
18939
13280
7800
7236
2224
3598
15921
8990
1417
11398
310
11811
9392
11056
1375
4560
18658
9850
1353
4785
7569
21140
10086
2122
2395
7771
12727
3438
11303
11745
12680
4770
9868
4910
21764
17576
8579
8050
10157
2525
1336
12173
13078
21261
9379
459
19667
14531
9549
11468
2497
11387
6414
2308
10769
15041
14185
7909
9844
9231
1750
1885
8339
22000
1722
17983
16003
13790
22178
2519
13963
16243
17264
4735
5451
11743
5298
15404
7252
17398
13374
11984
12828
2214
3560
13297
18471
12948-10602
12948-12670
11436-11439
11438-11439
11072-1131
13452-7018
3296-4555
12946-8455
5401
20807
1132
5347
5658
11385
7627
998
1530
2233
14010
5286
8583
11348
9380
16033
5783
22197
5349
3985
11117
8520
4915
1128
4321
8574
17816
3784
12682
3901
844
912
1716
13509
5701
1321
910
1145
9857
16828
5873
3371
2997
14771
10615
5046
3046
16976
9595
4122
6428
10150
334
9301
10024
21471
19140
1099
21657
15537
9031
11390
22185
15918
1487
4306
7335
15348
6886
371
17526
7067
8950
5704
6164
3842
7182
7453
1151
1467
8609
3237
14626
16560
9996
14120
2694
1581
2246
6218
8873
970
3630
19966
474
15696
13894
10567
11118
9820
7541
20321
9294
14283
1190
13543
11733
6837
3303
4615
10822
13596
1483
15104
1457
5244
19296
3155
6708
19907
13451
16140
12795
4840
10218
9888
4716
1514
5163
4178
5919
14729
14095
13383
13698
8527
18595
17589
13469-20424
579-3628
20911-21323
11428-11438
11428-11439
8455-12670
11557-11568
3732-4021
12670-12944
21456-22010
11070-11555
19662-20201
11437-11428
3819-11378
7961
1021
10372
3280
9543
11331
5645
2143
17991
11779
3250
6502
6807
16446
12497
2041
10687
2822
1393
6081
16202
9807
10407
3669
5021
6257
19137
3125
13121
2600
9878
10438
5204
7024
17955
19300
14703
12547
1323
195
1352
6792
14461
4605
19192
14896
3392
13037
10288
2266
1761
12086
15885
2752
8047
11332
16121
16922
6172
2324
8923
1191
10141
345
5266
16896
14250
10419
7512
17460
1372
1178
4097
525
3697
10357
8991
6409
9694
9276
2819
14262
5849
3094
13434
11796
3627
2735
12482
11102
7705
15760
2697
8466
2383
15327
1380
1592
6169
17160
9085
8452
479
19840
1388
19628
17572
864
2326
5651
15377
19568
7144
1521
2929
2774
3908
5863
5028
19054
22195
1690
7949
8493
1509
4141
8747
19636
11338
5731
931
11449
1875
5539
4223
10090
14245
2453
1647
10182
8536
5785
6227
13530
2925
5166
8913
5820
5740
2574
9250
4898
15091
4686
9962
6116
8921
14147
9877
11310
13075
7196
17832
11663
9898
6190
6087
17182
7249
10713
8684
11439-12948
11072-11073
11439-7018
11563-11442
10705-11555
11431-6835
11431-11566
12944-13689
21277-21201
14106-14112
11563-11431
11569-12158
11675-11428
579-13326
12670-13452
22043-22044
11437-6835
15320
418
7110
70
2245
13744
12200
1958
12023
8308
8935
9520
14091
137
18975
4650
16932
9481
12454
14671
5035
11552
17986
341
193
3751
20165
1187
3760
15353
194
3266
1096
1304
6187
394
12731
1425
9009
3402
11119
15391
1460
4357
7065
7387
12850
921
6681
2791
13585
3706
1172
523
1803
10217
15906
14284
17533
4349
7076
8281
8964
2647
10271
7774
1430
3933
20011
7773
838
11060
5521
483
1039
5423
299
16841
8361
1354
1664
8332
13159
14261
4962
18129
2091
7313
4912
15994
7782
2485
16520
6899
849
2220
6191
4661
10441
4756
2358
13196
1558
4520
21932
7595
22256
3845
16551
7264
11131
20849
2203
480
3440
13267
17505
11122
4235
21895
6273
8971
8230
5932
3569
2946
4872
15838
6814
8272
16486
8384
12496
10961
19248
10636
19027
18773
4707
11124
4481
18779
7363
6493
1255
4732
1653
11123
18259
1572
9973
5828
21658
6162
6111
3097
6955
11657
7192
6552
4762
12781
7602
21812
9982
16032
10646
21202
12752
7125
2676
16200
6800
3334
5200
4797
7899
2886
7263
5653
12505
11180
6941
13495
20868
1139
15847
7712
3794
5827
8222
12897
10801
15707
16778
16982
15318
1718
16791
17456
15981
10098
16424
10190
21329
11431-11439
11436-12946
7018-11378
1849-7018
11442-11436
16160-16418
18872-12085
11070-1131
18692-20911
22024-22025
11675-11436
22010-22014
19661-19662
11557-11562
17238-17239
10777-12670
21232-16295
13689-7018
19184-14670
20908-20931
12948-1849
17606-17608
11562-11563
6261-16134
11070-11073
11428-11442
11555-11431
11070-11557
11437-11442
19647-19661
14382
18228
4961
7690
3086
6580
2489
7289
1405
13427
18386
5551
4618
6254
7542
9755
8494
10904
5721
17931
17214
5395
2248
11450
8667
14961
2906
6284
590
2119
8755
364
5514
888
6305
14039
2212
1362
616
9665
7501
6112
6139
9788
2070
10280
4367
10987
18832
5972
11255
8585
17706
17122
10669
4415
6141
11301
10197
9289
10503
7573
15596
5487
4875
7638
10588
8879
2850
7015
9785
7019
5498
368
14218
13052
9469
11120
6231
17120
14706
3863
8743
5670
5268
6126
7503
9876
5352
9016
2023
12728
911
5890
3499
8121
8188
6491
13625
15919
6092
14990
15072
3444
1077
5355
2089
298
2118
11534
3983
512
6342
2483
21131
10029
8644
8672
6549
4851
15121
8234
9885
2722
8242
21810
12912
331
1432
7864
11168
7941
9661
10526
915
14446
4891
4941
18961
5526
8271
8927
20312
5142
6533
1079
13497
17113
5152
1206
19637
8843
4767
4625
5930
14982
4860
6921
5784
5093
7270
7288
5265
2857
2368
21330
5955
15458
19430
10156
10239
1580
14533
3391
8058
971
18378
7513
12861
7253
12143
16525
2347
8875
2835
9285
7545
2855
13622
7814
16562
8957
17259
20222
7673
15251
12970
1358
10478
17727
10891
6980
1920
11712
6248
13624
17289
924
12545
1873
7127
8880
16107
15558
17117
16241
10522
19139
7670
18184
1454
7037
14804
9666
6700
3232
4749
17221
6790
16836
12771
1844
15757
15435
19706
5782
6163
13546
16652
19205
6149
3491
18249
3437
14012
19696
5160
7891
4286
19204
12809
17494
4567
22282
5350
15014
5643
1043
9852
10408
17484
17669
7724
11517
10022
7266
13067
3058
15243
5507
3413
903
1579
8602
6672
2630
7267
15519
17836
8910
9326
7873
4754
10303
14659
11121
2813
20193
2757
7975
7973
6151
15369
4152
16989
14799
1390
9001
18111
18907
12013
13506
13340
1064
12926
11244
2223
2189
17188
3914
4395
6327
10436
6251
8866
2597
5335
2599
9567
16862
13055
17139
11690
13552
6249
18631
6717
14701
17300
18692-21229
16418-6261
11437-11438
16166-6261
6835-12948
20482-18874
10994-15393
11439-10777
10777-11877
12670-13325
13050-13326
11568-11428
11566-11437
11437-12946
20423-20427
11431-11442
21231-21323
11073-11557
5216-19184
14670-18871
11437-11436
12158-12946
11439-11436
10602-7018
19184-18634
16295-21277
11439-12946
11563-11436
9889-10994
11562-11431
8455-12948
16661-1494
1131-11428
7
1436
14473
16249
14702
6881
13514
3427
15536
10554
5488
10734
5564
18414
9869
22181
9073
16528
5948
16429
10286
2416
12506
2961
5982
16117
15434
17419
3455
5779
9892
6573
17135
15969
5615
8165
16400
7567
16075
2907
7275
2170
2298
10153
156
1796
20887
9143
18778
734
883
15510
2911
4626
4176
7395
335
3454
11605
9355
6747
6096
7723
255
4140
937
5482
1251
2652
11656
14490
16262
2460
7833
1268
2344
13717
14131
2919
15822
21022
2844
338
4890
4554
9881
9283
6073
7347
14334
6242
10208
10302
14302
10604
18902
22311
6605
6123
2674
2736
3145
20009
7212
750
2846
18321
19002
4699
14251
10874
15887
10329
14217
11868
20012
9511
5598
6058
17989
3284
8094
19914
3890
14247
15901
2842
6317
5334
14404
13816
3525
4948
14954
9203
5741
6229
4336
14705
14934
11622
15123
8101
8241
5509
738
8239
5428
2499
8152
18579
2823
3063
2809
20534
3674
7342
6436
2022
5966
8167
9719
1493
1496
1648
2581
20111
6470
2264
6583
4913
5805
2789
6353
3082
2839
11125
19061
1691
9369
17997
482
10913
3034
14463
1646
10681
3398
9207
17006
16465
15250
20727
3087
11157
11917
10630
528
19970
18840
11848
17887
1441
19467
6661
13788
13026
1736
12331
15811
8139
8396
9069
5279
5143
15794
961
13507
6621
16148
8333
22342
8883
2831
15554
11451
9782
3910
8325
15726
2602
3655
10223
11976
10583
21613
13388
9887
12860
4427
13154
12722
7217
13870
16217
18319
14615
2369
17455
3479
5534
13960
10388
16245
9953
15528
5795
18125
5120
11260
11328
6377
5965
1961
5385
11109
12558
9745
17950
6762
1306
6234
11287
4748
11551
11756
4132
4523
21580
18940
8318
5749
13599
1252
10324
5229
5169
2569
21909
2015
15905
18593
747
9216
15912
7653
1452
11267
9664
7175
17863
1643
7544
9783
965
17442
3365
18675
13783
9828
10499
17987
6581
16639
18310
7157
15275
4784
20049
14734
12271
5911
11825
21498
7969
10154
11281
3218
12893
4906
12397
19126
18368
9366
8861
15966
8480
4879
6033
5208
10576
7697
1369
8788
5330
13786
1517
13594
11458
16916
15685
16422
8292
13398
6592
5895
5736
14009
3621
10549
14181
12872
1410
9272
6942
13539
1531
14394
14255
4264
12417
5841
10079
19856
10219
3642
6908
2355
6395
20850
18156
18366
8166
8134
5543
7018-11858
12670-10602
12946-12944
11569-11439
11073-11070
4555-7018
13325-12947
21229-21230
7018-504
11557-11428
11555-11568
11431-11438
19312-19827
11070-11428
10602-12944
13325-12944
16403-17675
22025-22026
12944-3296
13325-579
19658-19661
11442-11428
7018-899
18693-21277
10705-1131
11562-11675
11675-11431
11437-11563
6180-9889
5554-11578
12944-12947
11436-11566
11563-11675
22099-22100
19184-19602
22044-22048
16161-16418
12946-7018
11073-11555
11439-11563
1849-3819
16166-16167
9275-15479
11436-11438
6835-11439
18139-19184
7018-13391
988-10598
9356-10705
5145-11578
20329-20467
21906-22039
6735-6949
19657-19662
2815-8122
7526
17686
22
12755
2099
18969
9863
5856
9556
6158
14393
12600
2312
20166
19053
6370
10126
19736
8648
2274
1038
447
7251
11154
14693
13688
15244
13116
3417
5951
3249
5405
10894
69
15493
5099
14345
9867
2755
5324
5682
15730
11764
13826
1860
9457
9229
12535
14448
4050
19065
16822
1917
5036
138
14652
2090
8260
7198
1999
11660
13999
2996
10449
9505
4189
12370
11584
10627
2645
1800
9291
2528
2317
9771
191
12914
324
8041
4436
20300
13365
6240
2392
19704
21493
2129
4668
1322
3609
216
390
16863
16493
11031
11529
14492
17046
1945
3244
14848
21116
3547
6230
925
834
2769
13621
5084
5134
1400
2634
18841
6669
2226
8696
15599
3498
861
8855
8015
3847
14206
4624
1895
4005
17920
9450
11334
16171
21703
11725
260
15448
4131
5483
777
5649
5744
1986
10235
4011
9637
2981
13846
9542
21000
8942
4574
1411
2654
10137
11788
19111
4197
8876
10082
13812
15989
13723
14328
9077
3749
1222
7272
8578
982
2947
17990
11215
10013
344
10587
9669
7375
11094
9656
6077
8045
3219
11956
4978
17079
2124
1632
5236
10134
5073
18312
5172
18235
15517
3373
15802
15801
10916
4760
15396
3092
14984
2072
3260
2469
6281
18666
868
4855
16668
19417
13447
2479
6410
1637
6843
9663
14768
2706
3133
9883
11416
4596
7629
712
2343
22281
4591
4600
580
15863
11110
6411
8558
2515
8147
13549
4417
13828
18599
3257
6032
5931
10612
3056
16807
2556
4841
11343
12709
15948
8878
10431
19567
1504
20432
2553
13198
13254
18749
9751
8669
14111
9196
1137
1243
13608
17037
2516
2511
22346
10386
22305
3768
21205
17699
3333
11233
2899
11676
10031
6178
12291
18353
7370
15394
14623
3710
6900
8124
1005
13279
1305
11885
11707
6945
15574
11172
3719
18863
16561
3686
2313
5277
1930
9671
14100
4909
5087
14416
3118
9094
6638
7090
6511
19201
17159
536
14781
3283
17012
4515
7654
18097
19631
15588
5806
9142
4170
14653
13896
12223
12419
10790
2281
11104
20318
1979
10895
9029
688
4212
15903
6334
1721
17948
1776
650
5234
1034
9696
14203
9979
7093
5923
13958
3699
16349
8069
11423
8688
1443
3264
12693
5131
11849
2360
9076
3026
17872
17091
17437
12849
11197
1645
9003
12052
9964
11036
14504
6320
9816
11422
4583
10346
8705
9903
12448
7488
6153
15092
4766
16768
4926
3988
1822
9870
3382
5613
17982
918
1230
4821
19586
1082
12025
10784
6020
10711
7148
973
4679
6075
7356
18183
17450
6369
2950
13916
17886
1007
7636
6462
11637
19023
6318
7796
1666
16775
1240
12364
1035
2738
10336
1854
20015
18061
3698
15693
4056
6181
9037
6640
13144
3728
18667
3646
10264
18327
5282
17693
1567
11710
7242
15442
8729
7875
9080
6017
6000
14737
4802
5067
16244
4457
3406
3100
5112
8415
16256
14097
10892
17222
10714
20320
17559
15826
9528
4578
1981
12288
6794
17355
18597
9242
7795
18151
2359
17326
9813
13440
11101
13707
1376
7543
17444
4790
18900
16568
15843
8135
3274
7262
4041
15423
10869
12983
9107
6246
16375
12295
18279
4067
10377
12275
11787
6781
19385
4873
15759
5011
15647
12383
15816
16746
3607
11909
13015
11442-12670
11563-11437
13049-13391
12670-3296
10705-11428
12947-3628
7018-3819
13405-13406
7726-7727
13325-4555
16166-16418
18343-19382
13551-13616
11434-12257
11431-12158
19312-20328
12948-12594
11436-10777
10777-12946
8455-7018
11437-12948
18875-12085
3301-4659
21229-21231
11442-7018
13845-13846
11428-11256
19209-19658
19209-19646
11437-11569
21323-21232
22001-22048
11437-11675
10777-11874
11877-12946
1131-11557
11874-12946
4555-5018
11439-12944
11562-11566
906-7018
12947-579
11070-6835
11073-1131
8455-13325
16354-17180
11675-12948
11442-11439
11566-11568
12948-13325
13733-13770
11436-6835
8981-8982
19312-12085
14170-5554
16167-16169
11556-11563
15598-12257
12158-12948
16161-16169
11442-11675
9275-13567
21229-21323
1283-2229
2229-13466
11562-11555
8745-8751
20911-21277
19209-19657
13466-15475
13462-12590
11439-8455
7018-3628
17261-17262
16166-16168
3729-3730
2269
10
10825
6214
11
8274
18799
11410
1553
2305
12430
8576
14951
6468
11234
11871
1037
10352
9075
8200
14802
13142
14011
2101
9498
13813
11780
19483
6707
6636
8144
10019
17251
11379
14174
3419
14054
4831
13000
6201
16281
564
5520
10152
1720
8526
6430
9427
8403
15411
238
217
914
4545
1078
17573
144
7576
3990
2523
6407
9359
1266
7421
9522
9028
12059
5222
1827
6604
5829
2832
661
6480
6743
21572
2081
588
560
6744
5479
8733
2186
16905
8130
16285
3820
6224
1674
2007
938
14214
2659
4210
12030
10971
7161
8196
2061
9227
1421
1620
5853
5957
10991
3899
8099
14093
9176
16425
1226
16858
12599
12269
11264
1676
7539
1338
15443
17579
1512
10890
18217
2770
14979
4800
4089
9642
2650
231
7053
3552
6628
7399
3162
2330
3786
2333
18772
4710
370
1670
12982
17023
9147
15130
2182
17829
249
1093
2712
10849
9309
13695
21511
4453
4870
17391
2280
18351
5398
7770
6812
3422
17491
20013
5760
4804
6455
8381
1972
13103
3148
7143
9344
14847
13385
4394
22115
8208
19520
6300
22269
10843
19236
3611
8201
641
15980
4584
15944
4938
16479
2418
967
12611
10225
8713
20177
18696
7644
13571
17780
1481
11738
904
1265
13155
16753
2805
19388
1784
12121
17490
6035
839
1290
4171
4568
1418
7834
7091
7056
10718
8627
17359
5102
4622
9662
6372
13982
3323
7707
22192
10788
9987
1991
1600
2829
2620
16397
13400
2868
11939
8006
14553
7480
12842
19229
15571
3005
19499
10075
4690
6310
1549
16590
19017
6944
9993
2300
1959
1134
6128
11061
6131
3976
2342
1655
3388
3418
11736
4983
8746
2178
4001
9772
18923
17473
2335
4590
6774
8266
8985
1526
7104
10261
11356
19653
3245
11214
7374
16730
16843
5947
8173
13138
17474
1258
7360
6645
5628
16186
7717
7450
3811
17877
22183
8395
2066
12126
12344
10590
2158
4884
985
3355
6475
11774
13448
1455
10041
3500
16177
7784
905
13720
17739
20583
19997
5562
15339
10203
9297
4878
1462
8742
16201
12320
10545
3253
1993
5572
6789
19683
3973
4917
12777
5290
7004
5818
1898
4843
22330
7862
1366
19960
7799
499
14775
6367
11414
11898
6206
16456
15066
8023
20267
15590
16413
16270
8605
5002
11447
14866
10411
19634
4604
5664
3216
17495
4783
4931
17539
6799
13690
1809
17639
3154
8774
3850
7368
508
2159
9672
13638
13592
1749
18915
1024
9568
22345
19669
22291
5973
17260
20691
5012
5996
10528
9558
11894
17685
4252
15385
6388
22204
18314
3792
3692
1046
706
13598
11812
10341
15426
7141
14933
13490
10160
5667
1829
1196
567
16034
6611
11746
8779
1311
3225
3709
2120
14045
22233
5305
7493
10250
13080
6071
7194
11089
16750
613
704
642
6688
2881
9093
6130
5913
6024
14728
15656
2422
14484
7403
8486
9412
16289
5091
5771
1453
7449
4684
10265
765
17656
3924
3828
7852
1459
5724
2937
9479
11454
1054
11211
11763
13179
12964
5624
865
1603
4733
13869
9967
3995
6189
17318
8965
12695
3523
9684
3366
17985
991
16028
6165
16929
13564
5846
15573
13458
8673
1638
4274
6973
5297
15238
2100
7092
3955
11531
4323
5780
11964
11520
12527
8140
19026
2576
15067
13677
18382
9226
12398
12145
7203
7248
18408
18473
15172
3159
4508
1768
2082
1045
7695
1538
14754
10560
5939
16907
8796
7537
11587
18044
1359
14986
1672
12922
16949
16580
13944
9154
8580
3326
6146
5257
7901
4154
17459
7611
7878
4641
4662
2969
10543
4279
14611
18743
3169
6802
21278
17302
14704
19838
8691
10456
20281
11164
8845
9570
15717
11440
2399
11654
1360
15923
4722
8762
8146
8211
10464
11850
13673
11361
14256
17719
1334
6801
7476
14481
14554
17805
11466
11268
10214
7535
13493
20861
1413
13188
13459
10561
13439
10005
5941
7681
15254
17030
9329
19456
15699
16380
4603
1476
9587
9681
12416
18993
15928
14995
5360
16324
11068
11251
3952
9651
12209
5325
3184
3384
7998
1918
4751
7964
3671
12402
6361
9060
8631
11908
17290
14478
7423
20414
7637
16827
6585
7575
12401
3109
9491
11878
3986
4642
6582
17066
2814
3037
10119
14433
4967
17034
19383
4946
2772
11980
2853
8552
8658
6793
18068
10661
20294
15910
10243
19707
10009
15098
21830
16269
16412
10698
21867
16098-16418
11442-11438
12158-11439
12944-3819
3195-16166
18634-14670
20517-21201
4204-10539
16161-16167
14263-14735
11070-12948
10942-12454
5554-17650
11438-11569
898-899
5018-1850
3703-3704
11675-6835
7018-531
19647-13616
11439-12158
6835-11428
16418-16354
1849-13325
13845-13848
11566-6835
11256-11436
11439-11569
11073-11428
11378-3819
1486-12592
12158-8455
12158-12670
11858-579
12946-13325
6261-16354
8024-8097
11555-11566
11562-11436
20645-20646
6835-12670
11070-11042
565-697
20426-21340
16134-1465
6244-8455
11557-11566
17726-17650
17274-14782
16098-15880
19184-18875
16204-19184
2431-2456
11877-12670
9673-11230
18875-5144
19932-12085
11675-11439
11439-11438
11557-11439
11073-11256
13049-13050
16169-6261
19930-21869
7027-13466
13466-13771
16418-16948
12944-531
17650-19184
5018-7018
13391-3628
16167-6261
9482-9727
11563-11428
11562-11428
22100-22101
7080-15741
8376-17726
13050-15393
7018-496
16161-16162
12949-13326
645-1250
12944-11378
9727-9856
13771-15475
17243-17244
10705-11073
11858-7791
17764-5554
11436-11569
504-899
17200-17262
503-531
16161-16164
11562-11439
20424-12358
16162-16418
20825-15118
11437-11431
18692-21277
16860-17162
19184-19209
13391-579
11070-11431
6835-11569
22069-22080
22039-22001
11569-12670
11556-11562
11555-11557
11442-12948
7018-3296
11555-11436
16160-16167
11070-11437
21232-22039
12158-10777
16167-16098
899-13325
11675-11563
11562-11437
12949-3628
7018-7791
11439-10602
10602-1849
9275-13469
22001-22043
1131-11437
7953-9482
1499-16661
6835-12946
16168-16098
16167-16168
10602-11858
6835-13325
13325-5018
6835-11436
22106-22001
18694-18693
772-862
13845-13847
12594-13325
7352-2749
17235-17268
21277-16295
11566-11439
16354-16118
19658-19662
21723-21869
1494-1499
988-17504
6261-15880
18634-18886
6835-11438
6261-16164
17200-17261
5554-3341
18886-19454
19209-19647
2816-8799
15390-17234
7182-8097
11555-11563
17305-17698
7521
857
13936
8604
12616
1286
16810
4694
8162
7461
9219
9153
12049
4153
13885
15158
18635
12808
3098
11324
20473
521
13840
12460
7008
12704
12945
11866
5541
9267
10712
17136
3353
15017
10690
19577
6670
17285
19162
14354
3083
4259
11373
11887
15683
15684
2411
6031
4447
309
2747
17796
9866
17915
13460
13332
116
13017
8860
4183
122
11358
18296
12679
12520
3238
3488
17427
12911
4723
16276
5358
7432
17791
655
907
9767
8507
3485
1816
4719
4720
2592
360
4703
16246
168
169
12908
2517
4448
3923
785
1943
176
2055
14470
14008
980
1708
9310
188
5254
2339
4319
1673
424
9648
3941
4175
21177
12748
3432
7372
6413
6338
10061
8300
267
7498
8217
18096
19044
2163
14803
2040
12713
13700
3950
15807
4416
8210
874
456
10459
2916
12164
2498
3713
1559
8533
21555
782
4177
2873
10946
1506
2763
9794
2004
15616
6295
1661
767
4670
10183
237
611
975
9812
10227
9421
9111
6463
12698
4029
2926
7308
6292
18013
1791
21176
2700
6421
818
263
1697
6315
3834
673
12551
4813
5462
14526
10730
13243
7142
12478
15488
22343
1798
2410
889
6211
13628
2262
3205
2589
8586
3487
3970
5565
7377
7385
6386
4966
13164
11860
11076
2807
7123
952
652
18269
787
14858
11634
17408
21307
5540
1207
5313
15988
6782
19337
9280
13306
513
17835
4454
296
11280
2932
14512
2648
1061
9074
11667
11511
1289
7860
12353
1057
3295
3395
15911
7816
2680
8800
4104
10254
1619
14869
14861
5198
4038
2085
11481
12628
2670
6400
1916
369
2614
20486
9390
14052
14216
1781
6594
8620
20961
1332
842
814
11535
7139
2319
753
15968
2179
4002
14152
8662
8663
9495
1970
1998
10017
16758
11595
7181
19286
6863
378
16799
4646
18195
2828
15767
1288
1407
3242
7343
2135
3672
9588
1684
3490
396
399
13798
18130
16586
2029
19511
7025
6099
9295
5542
15587
16124
8447
1770
431
573
8862
3510
8647
4309
12159
984
5954
1505
1351
6804
5934
17684
18811
8512
12100
3102
13736
8709
10881
5190
10866
2623
2986
2113
14707
7411
13727
16322
1008
9466
7921
6247
8168
2677
16838
20898
2478
3708
3753
19705
3945
1793
9053
14572
14129
16680
7688
17556
11959
11841
6811
6761
12316
5309
4086
14674
19167
12831
4572
15560
5720
16754
16517
1899
4960
14694
6239
8853
15165
489
14267
8928
3363
5158
9260
6833
2753
16484
19597
22015
11052
5486
3766
3256
4731
17331
15472
8795
22261
1133
10785
11772
1387
2880
14717
8505
2398
522
3810
16688
14141
17065
10295
14371
7603
3554
7318
11347
14268
5989
3907
11986
2375
1955
20675
6152
6147
10263
2768
14104
4350
1806
1801
6966
8138
10745
22313
5000
16254
21699
11433
17640
12848
14919
15917
20756
15482
16794
7326
8889
11222
8700
519
7390
9655
4450
10875
12026
3992
4880
15489
19909
14125
9884
9552
16205
6089
1685
8151
14666
3473
1912
12617
4771
20827
21215
20733
22098
6426
648
2279
7900
12610
13479
8836
540
5499
11527
6953
16804
2430
7088
20723
14351
3922
9201
7812
2185
786
882
555
5317
19569
14697
5113
17013
9784
8701
13703
16544
12857
3012
14573
3202
9087
2074
12760
2604
8850
5962
9909
11189
11179
17683
17436
569
2059
10757
3767
4954
19574
2386
9334
14867
12244
19745
3852
12938
13150
5833
5531
5022
1534
4819
17247
13730
4428
6340
10188
15793
5191
18754
6264
4971
9011
17090
2539
10803
8902
1947
1497
2060
18640
2297
13665
6788
17499
3940
10037
4364
8802
10325
10440
16150
19144
3459
4307
1164
7278
10379
8359
9848
7555
6861
13394
2957
11195
17695
801
1597
1698
6784
11965
6855
8506
6086
17286
2959
12994
5612
724
9090
13501
19625
21052
14497
3629
11055
6265
2866
5711
887
6174
13402
1766
16550
20006
5447
11011
8066
3911
5072
1759
1614
10919
12726
9051
15149
5070
1931
3550
17855
2936
1836
11857
2646
7393
8031
1135
837
5634
5379
11661
12069
4484
3755
1695
15329
16312
7073
13652
15187
11232
5186
12044
8209
3239
5916
6368
9948
9974
5055
9900
10529
3328
9687
7911
1911
8215
6525
15680
12757
6842
4996
10566
11834
14657
19327
1578
3946
18580
17399
2348
6749
960
6200
6241
13889
6512
5710
1409
8360
17581
11443
9373
16084
18537
7710
2555
986
3904
3119
7164
15398
14312
3639
3400
17995
19169
17925
10747
3685
10483
10655
2710
3072
7648
16210
8213
7349
7824
4837
1845
6203
4544
8186
10460
10781
4423
4510
2277
16777
5411
5119
20319
13898
5494
20695
20507
7620
8944
2501
3815
3561
17078
10317
1855
18936
8564
2267
12018
2601
8782
12903
4474
6922
7906
19136
9044
3101
10864
4246
9163
7883
10241
1075
18578
4470
11826
16587
10959
14648
1313
1537
10016
13047
21381
7896
16930
1114
10996
9535
10706
5811
6526
4778
17716
20054
13359
16296
12278
9194
5278
5233
11633
14609
11165
8575
2257
9109
5496
5979
8997
14160
2412
7014
3107
1269
14842
11822
11692
15551
16357
4968
13904
6931
13820
2371
2271
20740
21549
3857
6293
12769
19595
11396
16936
9961
3039
17106
8556
6946
6947
2014
13513
15736
7386
18894
4518
1257
5181
2285
13407
7439
7806
4023
21236
10370
4929
7323
12490
8532
15261
14785
12537
19999
3796
1342
6701
5960
15773
7489
3214
15330
9138
9265
7660
5308
8495
5156
7010
4118
8535
18630
15128
14568
6335
14506
11277
9786
18601
8849
1381
14486
6337
6883
7908
14849
13360
13577
5255
18082
17384
7341
13076
3138
3106
6144
14864
2793
19998
4095
20804
4639
12894
13977
13584
9802
1484
9540
8461
10544
16411
11235
7174
9922
19613
21068
3078
19375
14103
2021
16734
1657
1562
8524
5888
10468
14211
18454
3506
10905
4750
10349
6868
9391
2385
15213
15975
14695
13181
10507
10060
7667
10710
14880
6399
6168
15179
2352
18153
12853
19282
19464
16547
1773
15762
5149
20336
3932
16830
5889
12710
12812
9303
13032
5301
11936
1862
8258
8572
9544
20157
11418
9805
3480
5262
15230
16279
13366
7075
5394
8581
14368
14322
15134
15263
19141
17802
8598
3865
17653
11993
9365
3032
11485
17588
2608
7106
12608
10603
7652
7097
11828
4226
2546
8809
16347
14459
9977
9776
4919
11128
13358
6703
8630
6030
6755
10071
11505
17375
11051
19379
14022
18684
22068
6008
9536
6599
15758
16192
14308
9598
16305
19326
17333
5870
8759
11794
13683
14786
3895
10322
10330
18409
19075
10571
8995
9382
10148
6910
10461
20415
5129
11735
8120
10011
16492
6867
17773
19949
13145
18060
19624
10705-11431
18105-18634
4859-5658
5658-6132
19932-20243
10602-7791
16167-16418
22008-9275
17239-17242
487-968
11428-11675
11675-12946
11439-3296
11555-11442
9830-15118
16295-21201
16661-20214
20214-1494
5700-5701
11256-11563
10994-6180
531-11378
22027-1213
12158-11438
16872-18692
3628-13050
7018-5018
13325-13391
20243-9902
22044-22047
21231-21229
21116-21555
6835-11256
16418-16098
17180-9889
15820-15885
11557-11431
11566-12158
1814-6180
15249-17675
17675-19184
13452-13689
12594-5018
8097-8423
502-7018
18634-19454
4555-504
11569-11428
11439-13325
11436-12158
16418-15845
20517-21277
16295-20517
21201-20214
21229-20911
19312-20243
1212-21456
1584-7027
16160-16165
1465-15529
15061-17058
11072-11555
13326-14968
15880-16354
2095-8592
19932-8789
13326-1850
10705-11569
14261-14263
17058-16204
899-11858
7003-8024
10705-11800
11655-11439
17275-17711
11557-11563
13325-13452
12358-22010
13746-13778
9661-9669
11442-11877
20911-21229
20911-16295
19197-21525
11442-10777
11438-11428
14670-18872
11442-6835
15740-6735
12944-906
12948-8455
11431-11563
9275-20424
17650-2985
11566-13325
17162-17238
11256-11438
7018-898
2749-8376
16167-16162
3819-5018
5018-6949
476-6735
13689-3819
13689-12944
11431-12946
13049-13326
11428-6835
11442-11874
13721-20755
7018-502
5554-18105
12946-5614
10705-11436
7018-12948
11428-13452
16166-16160
11072-11070
11569-11376
11378-5018
4808-16872
17726-5554
17240-17242
7371-21458
11566-11442
15880-9889
16418-15880
15242-16162
17234-17261
16162-16161
11442-11563
20329-18874
3819-13049
14670-7846
11442-12158
16162-16134
11562-11442
11439-12670
16167-16161
17244-2749
1283-13771
13771-13778
17262-17263
13326-13050
11568-11431
10602-12594
3296-13325
16162-16168
17275-17526
11070-11563
7018-13689
13326-14769
12946-11378
11569-7018
12944-504
11442-11256
21323-21277
9902-20328
14193-15390
6735-579
20427-20911
12598-18105
8592-13721
899-3628
11072-11437
12594-12944
17180-17930
19647-19312
4204-8141
11562-11568
11436-12670
7018-12949
10777-12948
17261-19209
22039-13567
7018-13050
1131-11563
21211-21212
13325-1849
7018-13049
11428-12670
17162-17550
6498-4356
20467-20328
20328-18874
11437-12670
5554-9862
7018-579
6835-11442
11566-12946
14735-16241
13325-504
22037-3279
22039-1212
22039-2456
7018-13326
13326-15393
11439-11556
3441-11434
3441-6735
14089-7285
11431-11675
16162-6261
5554-19184
11874-12948
6835-10777
11566-11438
18139-18871
22080-21993
1212-9275
11566-11431
531-5018
6735-1850
20911-20928
13050-14769
11438-11431
1131-11562
5554-14170
16166-16098
22024-22027
1850-7080
16168-15845
11800-11256
11072-6835
11563-3296
11073-11431
11436-11428
13689-579
18137-18138
19312-19147
13326-6949
14770-13326
15884-17180
13452-12944
8455-12944
9275-9627
1946-579
22194-22196
17930-5554
21855-21856
21232-21277
13469-12358
12753-21456
9356-9431
13746-13771
18875-19932
13469-15479
16295-18693
15475-15477
12944-3628
19184-18871
17200-17263
17889-19209
11431-12670
19661-19882
3732-4868
19962-20467
1470-5652
19657-19661
7846-18875
8455-10602
1212-2431
16161-6261
16354-7352
11438-12946
16708-9889
8518-8521
8097-12583
988-2466
12257-15242
16160-16134
6949-3628
12946-12947
7791-7205
5652-5554
6835-10602
20321-20479
16418-16168
20646-20423
22039-2431
20427-18692
18692-18694
21163-22039
15902-15916
12946-1849
12670-3819
13050-13391
20214-22039
15218-16403
14735-14263
6735-7316
5740-5741
12946-13452
7485-8661
11563-10602
11563-13325
7018-6735
15242-16161
11072-11428
13325-6949
17463-17533
