11832
22119
7350
7796
15730
3220
18969
20324
10914
8594
3458
12031
17992
16537
8595
18807
14380
18139
16789
13314
11361
17416
20600
3979
8609
10027
8575
14585
11249
4718
3235
181
14568
18027
11357
16535
14244
15083
3870
15144
8607
8328
13915
14017
8543
8610
18514
22485
9681
14703
8597
Root
9155
11364
3312
18017
8600
8598
646
13918
22121
13249
18808
7349
11577
18921
10104
2347
14420
14586
22120
16757
18138
18956
14243
17194
4591
15023
15166
16764
9275
22486
11034
18517
11211
4055
5787
9587
20601
10105
18137
6397
15197
10060
2386
3856
3034
9391
9516
15129
18917
16808
21389
15048
3333
15485
18952
7484
4195
10894
7714
14582
84
12996
15028
10100
4167
19061
18965
7176
3904
15136
220
12416
18922
18018
3899
8601
10677
14240
9274
15097
18954
11567
19067
18391
20359
13413
4820
11402
11210
6562
15187
12514
9202
2449
8398
18971
6481
19068
14594
8614
11362
2385
9544
16325
22123
13289
18932
8409
20291
3309
17392
16598
5402
13658
15128
15130
14245
14564
16741
5235
11965
9443
15853
7129
15688
15140
10314
11733
16086
10704
19991
12805
19414
14589
18441
18877
14325
14595
6011
6843
11158
16750
17415
19335
92
3786
10845
5786
15154
10325
7761
12767
11239
4108
13268
14124
14590
9679
22184
16600
12765
13267
16765
15150
16231
7729
14185
5072
20802
16806
13626
7756
15026
20535
12403
11350
11961
14184
3118
3070
14584
15214
13941
22606
3541
10176
16743
688
22772
14326
15872
10684
10628
15020
14596
10721
10896
16747
7762
16807
14005
22664
22480
15180
14575
11227
17662
12995
5796
20582
22482
18388
18937
20571
18912
16934
18863
19069
14013
10355
18896
15115
9559
5039
12586
15961
15137
18908
17790
18739
16873
15063
20558
13867
15152
16778
10818
14831
15080
11934
277
19980
13272
7450
15056
16083
15157
21807
8613
11160
20254
13047
13163
19066
17994
15200
11949
5102
20049
14359
16738
10367
16759
15962
14558
3587
15481
17120
20092
1129
8702
15047
6293
3386
15871
15670
15081
2970
15149
8256
2178
4293
316
22122
16700
15260
16326
19990
4230
13058
3486
12389
20517
16536
14963
9097
2873
2070
7297
1972
22675
17663
10177
15133
19333
20767
16810
3332
16211
14158
18666
9743
18911
17380
2993
20903
18482
14719
19958
19915
18895
18028
1067
10317
1069
16159
10268
5665
16790
16719
11352
3329
5216
151
20516
11571
11109
15890
15854
3483
11632
9592
12757
18577
2123
16486
11948
15141
15444
15715
6027
16213
5971
18240
13191
1711
7128
493
693
10091
12842
5388
11242
12843
14570
20178
5863
78
2879
9376
20130
11078
17086
18857
22124
18440
5079
15093
9210
9897
756
3492
13657
9429
18144
18515
20606
18986
13839
20839
12768
22569
4304
12099
18938
15035
18811
18434
5788
11848
2930
15657
3059
11658
18481
16931
15146
14587
11707
12347
20090
81
1751
21024
2950
3262
11196
15124
7811
11806
12065
22185
20051
19072
7311
16419
9672
1723
18476
3313
8602
8521
12965
5563
13326
11193
12404
18980
14159
17103
4746
929
20998
4932
5265
16980
22183
22915
20804
15192
23138
14645
17685
8839
15777
3236
2810
15058
20187
8377
15025
16826
524
2746
2992
11336
7302
3311
12394
3239
11959
18029
17791
2744
3798
9277
6184
6402
16771
18477
10759
20756
9392
11655
18864
14010
18771
7898
15012
1461
17906
5371
2399
7813
1222
15145
18900
8720
8361
15607
15156
14286
14883
15188
4526
18870
20253
13219
748
2922
11851
10089
6185
11348
380
1857
10365
7755
13838
11703
16863
11371
15202
7459
20857
14708
18901
14505
23232
22561
12288
17828
18616
12548
2071
3273
322
8777
10059
15845
15067
8593
17792
15031
18939
17491
17483
16462
10310
11143
1183
7236
2465
2120
2758
4143
17708
3222
8823
21299
17508
10804
12604
4701
15114
14602
21386
17182
21337
11356
6041
3241
5450
3419
16875
20216
15092
19807
15009
16881
15517
17118
3287
20907
14007
22344
4145
1973
9920
10324
12016
20311
10057
15112
15201
18770
15562
18910
8411
14563
5027
5498
18930
8201
15057
16763
9197
8392
15147
4607
236
9135
11987
12785
4003
8154
18919
13214
16745
20758
18540
19162
9673
18915
10368
13999
16740
12390
4352
4815
3638
13054
19989
15153
5865
12754
14236
15888
20328
16461
18892
18890
4613
13165
8647
1880
7751
7760
5778
16788
18882
6851
20784
19568
6070
3177
18992
9916
18871
10322
11391
20162
14832
21519
15126
10913
6124
731
19985
2115
12387
18228
10881
18972
22595
11159
146
11351
11751
6002
11133
9438
14220
19220
18538
2968
7675
2447
909
1522
11215
2536
14502
18928
20599
4960
20129
17506
11986
18918
20235
8661
10811
12693
2785
4153
16720
134
9744
15125
12789
11754
5454
17138
18719
7795
18889
22118
15316
22119-22120
17683
5769
18923
14556
16495
18697
16746
6319
5212
4580
11448
6005
3475
12119
12696
11354
14552
7759
3061
10058
8903
18873
11579
10638
15155
20710
22479
18478
17903
13164
3959
5578
10178
4107
3990
3832
4719
10842
16489
4933
11962
18438
11702
13230
7572
9957
15216
12145
13111
18963
12209
20096
15196
19334
11755
3298
11353
13942
11178
15127
2476
15014
16798
10427
4915
2072
4590
202
8081
5213
3906
3916
20589
3116
10495
3544
20038
22295
18516
15168
11248
8615
19470
5579
17995
19566
4878
7745
9514
2126
2322
6266
4318
154
18946
6631
1561
19738
7193
14012
15560
22635
10875
18617
9512
7757
10794
3379
20685
10960
7722
8481
14711
11035
15588
22271
9499
4083
14557
18903
7234
12098
194
5480
5517
7300
2641
11369
3407
9576
15322
14659
17518
18855
18720
8733
15121
21937
18902
15213
16253
18976
20759
20196
20981
20752
18935
3174
13436
4299
10494
16770
10286
18849
16494
3958
20168
3507
5291
1186
15199
9109
7093
19064
3176
14810
9289
19761
10425
2182
16795
15210
5693
12225
17195
16414
6687
8599
4345
3244
9865
15929
7991
16341
14565
11747
6199
2777
4467
5075
1179
8742
5060
13240
14815
16782
15134
20554
2640
10245
18904
8095
11801
12046
15072
8683
7521
15838
12809
15411
13055
2045
15054
22697
15132
17348
19881
8019
7369
8603
20997
5189
115
225
101
7437
13740
17817
4398
4137
10311
10826
11250
20122
16357
309
5215
3993
14074
21189
16760
22668
18973
9545
17617
21068
3817
1578
2786
7095
10560
9444
10629
11366
11181
13981
4661
20422
22342
15898
411
16766
11416
15482
12790
11969
7865
12161
18988
10141
11413
16803
5771
15656
10841
15017
20587
17702
9543
17709
20949
15110
12998
18974
22119-22121
13655
12623
10354
11291
12896
18990
15060
22526
12038
13671
22914
5358
6714
1712
4703
3523
8934
19986
13977
1890
19338
3599
5203
5087
6143
4146
7264
15995
14085
8709
14181
8146
12003
4735
14553
16160
11942
15070
17854
20005
18021
15991
16805
19216
17537
22320
6393
14015
14431
19549
16767
3223
16840
17661
7365
22676
3570
16488
16864
2971
6074
11147
14082
5753
11573
6055
2147
1196
3617
10173
10341
18878
15074
13769
4094
20586
5695
17710
10996
20423
15190
11289
16874
16933
13170
18165
12991
5218
7401
8258
5384
9384
18358
21117
10088
12751
6768
7115
2423
10142
6304
108
77
8033
887
11372
22303
17953
8644
313
20164
22144
5241
22301
20906
15394
3519
10321
15016
15006
14578
7312
18964
11989
15076
21040
18906
17600
9970
10262
15099
9106
21336
22218
12590
15111
20496
21187
10254
14577
2600
4192
1180
103
4334
2780
11769
12801
11568
13737
11349
14169
14816
12826
5997
2002
20543
19212
15051
16457
16733
15189
1936
15477
8686
4024
16215
11583
15173
8943
14504
8111
9518
15207
15783
15010
8482
20100
16816
22567
22594
18876
5657
17203
11222
18696
11437
19703
3984
7718
16783
20953
16404
4935
76
7020
5862
3330
1510
1856
14078
5827
16458
172
6427
11174
3756
17609
4059
11636
11157
9134
11803
15052
21422
8541
20287
22625
22581
12994
21125
17513
11800
12838
9638
7298
10556
18671
4596
5033
13705
22723
4394
7758
5858
18893
9430
4316
2846
6589
5642
1526
7303
9442
11007
9500
4615
2460
10351
13886
5949
1682
16302
22419
11971
13998
14386
19371
5813
22483
7747
20218
10864
181-646
21446
13278
10816
9996
19000
10665
8945
11365
2068
12891
18243
11441
18851
18850
3970
9826
187
3047
4806
612
1465
4684
1855
8712
11368
14004
13032
6697
5152
2728
5327
4271
12435
13989
13231
23411
1884
20559
21351
5591
3891
4764
4085
4969
15651
2738
3209
3319
14072
13995
16959
22539
18628
19121
14573
17517
17565
18982
17447
11917
19987
14943
19435
11692
16809
18989
18969-20600
21741
20131
3815
12766
15194
14237
1459
12222
7974
10001
10696
21233
5310
15179
5540
2743
6903
1290
8461
17665
22299
4250
22240
5186
3233
2176
7261
13680
20837
5868
10750
15184
2265
8813
9333
3988
10090
17806
9123
23139
4685
3831
11746
9539
2124
5988
10018
19983
20755
12859
22672
7138
14942
18891
20167
20093
17204
19459
10390
12691
20905
10408
12769
20091
7370
19260
2109
5032
4821
10041
14538
18343
8566
3763
7345
1274
3178
3706
2302
10379
4702
11752
19751
16925
7866
2296
10074
16029
15170
2532
3762
4303
11030
23220
7683
3921
10627
14724
14713
18947
7748
8101
15088
21406
10977
16214
15930
17996
16456
20683
14084
21352
22258
11757
18350
16593
12146
6213
13295
14567
7088
15069
9609
18349
8932
6985
17686
17948
2033
19982
6017
5639
6844
5947
2204
2703
1403
15717
3451
2298
3003
3650
1285
5664
6812
8315
11434
6064
3865
5653
17680
16949
13607
3545
15347
6181
5989
7127
7518
11299
15230
14571
19070
18861
14188
22900
3225
12032
3408
3528
17853
3310
4058
7257
8864
8719
16249
17904
4329
4351
18201
19326
5440
16756
14720
22571
21492
14933
22618
9274-9275
16789-18807
16261
11729
4508
11149
9089
15177
15861
10876
8807
6106
10783
20999
11230
16200
14298
7746
1655
2559
5089
7341
3045
3433
10640
11443
11360
5912
18926
5092
18020
8310
2208
4956
10844
12712
21559
21449
22795
7744
17016
18099
5780
3569
12786
20851
2121
12848
5850
12990
16669
12328
7374
5382
10277
16190
7639
18181
20276
14197
16243
10009
16769
21450
16560
12050
21923
15082
9372
15106
5458
10580
14387
19745
19970
15262
6470
13724
23140
10688
16952
17091
20737
4317
6834
6522
7449
1924
3539
1923
652
1742
1828
9906
10350
16126
10859
4034
3210
6200
15844
11740
1100
1605
15507
19337
17928
22679
2762
6341
9217
18433
4535
13752
3221
18866
10328
9056
20166
19429
19396
15013
17931
13638
12684
19759
16853
9373
7383
15117
21349
12191
16412
19433
10175
22121-22123
14646
7783
19760
20110
17930
20733
13126
6210
10817
12471
15478
18185
17786
7469
5188
4100
914
20792
4298
7645
2301
8750
12405
7212
7158
8858
9964
12417
14315
4620
15941
4264
3098
18037
3859
7314
1562
7711
1576
7916
19108
12690
22039
22601
21433
19740
20557
15808
13944
4018
10872
4088
20739
23190
7713
16036
14432
2303
6879
22753
11574
19953
18785
16269
18887
10240
11566
20111
21401
13997
12758
21667
19295
13415
23616
13024
15326
13660
9294
16424
21305
19081
12251
19086
17057
18329
14561
22531
16812
21404
20042
7163
5074
847
5766
12638
5853
9276
15007
16103
14813
17607
5071
10882
15340
11005
30
14537
15680
20488
4501
4502
14574
13447
4277
2202
4105
2637
2618
2390
156
5514
6442
1184
5726
2854
9174
9395
7068
9974
12104
12486
11251
17703
4503
10293
9138
12354
21700
14817
8157
8964
8503
10127
12124
7465
7871
18943
13975
7863
12413
18278
8455
8004
14402
4147
9972
5364
11118
18991
10096
15036
20057
12043
16177
21476
14941
20798
20303
8786
10174
16754
20776
19871
20848
17215
22108
22623
16714
11221
12929
16775
7558
17934
17704
15955
16599
21105
19732
20361
12366
11572
21124
22064
10990
15138
18886
19384
16558
22166
18436
3458-4820
14086
18467
19168
18103
9737
2046
4282
14516
2704
19716
8963
20195
19747
20732
7286
121
7147
15040
204
15206
20506
4506
6441
9168
7139
5732
572
4767
3366
2753
5104
176
3300
4763
5207
3141
2961
1297
1885
13628
1372
9288
11582
10679
11253
12299
11882
15669
18508
3240
7801
7371
4609
13901
20319
21235
14189
15195
16288
19737
687
2282
348
239
2848
2155
10569
17608
5425
5316
11833
8226
4663
11748
2860
15315
3474
6835
14792
15113
3435
13664
17927
2824
8089
15065
5010
16437
8746
15123
22095
9192
12612
16737
18435
5251
21126
7232
10451
18226
18815
10391
17063
11358
22952
15085
12004
20352
10902
11799
18275
16948
6056
5856
11968
1718
5281
6634
5837
13928
18859
20309
15368
21037
8028
9252
19676
12057
12799
6796
15323
4617
8735
3268
3792
11477
143
4916
7416
8367
9581
10369
15894
2248
4875
12105
4462
54
2711
5730
5306
9655
4993
3794
1101
15671
21793
10824
4874
18326
9140
17523
18197
9459
18942
9461
11916
9570
22215
170
9251
1338
4086
4047
3960
2798
3807
15077
2365
15024
4423
17119
9922
5913
13688
5245
15169
13119
9594
17257
3685
4585
18087
22319
12515
16090
17420
22038
13976
12931
9041
14208
19095
10917
20541
15089
22927
20356
10075
16731
10635
17979
21930
14050
11529
12312
22788
11515
14255
11849
11486
17334
21686
369
4061
16218
10098
12692
6568
4424
21314
12307
123
938
4822
6186
7301
15764
7102
7624
16965
19082
16584
2712
17895
14242
15906
8178
15135
19479
4322
16791
1990
2932
4669
2252
5362
5956
136
758
9086
1830
16426
1970
5267
6790
7511
20783
5489
2955
6939
3561
18905
2415
324
1927
14033
13495
17090
11956
16852
8714
8859
11411
12008
8753
4778
8618
5644
15726
22059
3069
2827
14851
17908
7094
19879
18958
7330
4492
11611
23134
21329
13464
20351
19009
17022
14454
5097
10613
7918
16605
21673
20113
12170
8542
20424
17675
14217
21334
9263
14881
11179
13187
23471
8169
17078
19296
23109
11218
15022
18970
18979
21988
3220-4718
846
7375
21076
22241
17017
17868
11131
10130
9040
14349
13930
9793
21423
6476
8660
9278
13982
18853
19768
1404
18881
22010
9982
13610
17867
23122
7324
21036
1602
1300
15005
4191
6024
5643
1071
10785
16820
109
7689
6810
9904
11390
12851
2445
5630
5427
8704
2710
9120
5932
3073
2170
2278
10827
11224
15297
16797
9390
12850
18916
18852
11570
9975
20550
4921
14150
14597
16878
7108
2376
3801
3484
4090
4546
5679
5269
13953
3334
17831
5076
14592
14547
16178
22467
5855
8705
2356
13288
16505
5211
21980
16784
8021
21972
16017
11386
10095
4629
5815
20101
15165
19233
7357
20039
20112
10888
16359
10662
12685
17134
17395
8375
11484
11414
19717
10208
21465
19746
10386
22949
17501
21127
7938
22696
16460
12699
18975
16717
14838
11136
15648
13440
18699
13072
22020
2809
21
3328
8210
9375
10700
19710
21057
18691
18913
14917
12482
11384
7563
8145
6876
1185
1079
11881
10860
5231
2619
6604
9435
2309
19109
1375
4498
6154
3708
6590
1444
8663
2756
1950
7413
9772
9825
10935
13302
13734
13733
19648
6657
21931
4346
4560
8277
5157
12042
1591
16736
409
11074
11963
15735
19880
18274
18346
11254
11783
17775
9175
15119
8588
15667
3302
6731
7785
4794
5268
7856
9898
10746
8476
3391
19862
5654
19281
10456
17122
15870
3291
5655
11036
23376
23185
15556
7177
10363
6444
8925
8808
6817
14888
18578
14660
18730
21075
22577
12975
18405
10339
7694
13887
20990
13192
15053
14250
22959
18782
14455
20284
18603
18676
15086
15158
23544
16546
13979
20777
18981
9832
17166
10434
22640
12856
14329
21714
9413
7647
11756
15360
18728
17231
7364
13152
21716
20264
11032
10264
5086
7322
16935
8291
6913
1065
4469
166
1286
2090
4087
9113
9845
11023
10285
12942
13656
17777
4918
14525
12014
4826
2949
17320
5995
2235
3868
2000
576
1099
11076
12970
11125
18875
19771
5814
8800
7999
18214
18448
7640
12756
13026
19863
15209
2036
23004
16129
5397
9794
8730
11852
16802
10217
6640
13618
6715
13448
2279
4350
6877
8048
16329
7882
9148
14984
12617
4370
3987
6148
6073
9411
20499
11552
16444
4912
6440
23181
14845
17068
13227
16425
7329
9573
14369
10586
17482
16502
13715
11134
22400
19609
17630
21605
15338
21169
22009
12628
22537
18229
18563
16831
14562
22854
15103
22008
20769
18872
19453
18360
18948
16583
19898
22119-22485
10027-14017
2385-2386
22480-22485
1
15880
9293
11993
4595
5016
10168
10320
6951
2958
18575
16735
18479
7690
7085
6556
8651
9189
10775
11587
12377
11273
14002
18112
14391
23024
7066
1228
14224
2875
6716
1445
916
3900
5107
3912
2452
7075
6065
5230
2238
222
87
397
2293
149
8064
3226
6234
8389
111
7438
8880
8755
18509
19115
14566
22257
83
17721
22649
5073
7237
19375
1460
7104
4012
14786
8153
3453
3834
1280
2590
68
9094
6762
12400
15393
19801
16762
684
5515
11918
4490
20567
7443
4144
1709
3476
3898
13673
1428
5393
5000
11177
9644
9448
16960
1878
21166
23410
8286
2569
4965
5848
5640
7166
10993
12092
4091
4420
14603
21200
8703
4450
19186
9445
14839
6728
20588
20790
15577
5996
10810
20368
2731
8549
9326
7270
13252
3737
19087
21934
21033
22450
12888
19641
4774
22683
6057
19449
9552
6797
14864
16958
13765
12223
18842
21035
18848
22674
13689
10743
9470
20312
22062
9915
19002
9322
16524
10025
20609
17756
21416
7796-15730
13480
22452
10500
18468
10222
12646
15568
18259
9479
17741
13207
14789
10162
951
1571
2948
7384
7487
8952
9721
11976
12629
11869
17684
14777
16922
1433
18924
21936
3705
8926
9145
12563
18108
931
2276
5058
6009
1178
3493
2201
13632
492
10847
8732
7453
8656
9452
8589
10981
12620
17891
6894
15267
7026
9218
10802
3215
6318
4551
13098
12556
16125
17165
6267
5797
8096
504
20782
7651
1627
5434
7065
4689
12694
7067
6566
5201
16646
13033
13446
11314
15034
12640
13993
13814
9862
5872
4129
3735
5061
11883
11130
19592
21940
3071
20106
11556
9549
20149
21471
8171
18840
9317
14352
16971
12637
11619
11048
8567
21122
9719
3651
8192
6712
12114
12633
15079
5871
6989
6892
21839
7360
18987
8005
7852
14247
22670
16729
8627
16673
19764
9079
16241
21306
15345
9439
7615
17985
22343
17564
13764
17773
19062
15186
21197
11161
15287
20027
10370
7899
16973
8369
14264
17568
15100
15806
9163
14305
12322
20172
9670
20787
20123
20121
18885
18956-18969
22120-22121
9090
1287
6935
15101
15530
12667
18695
12212
923
11307
8670
7752
17776
14850
10381
12112
18421
17779
19835
18740
14907
6917
15203
4463
2646
3726
215
1753
117
94
4393
229
167
1673
3535
4989
1473
5083
5342
973
1182
9107
4121
14866
3747
7708
10899
11661
11388
12802
11791
13857
19093
5823
9728
5910
1618
14191
9538
1658
3014
6326
4231
2441
17394
2929
3363
2336
66
1567
1268
4608
10762
11470
14927
20367
15049
7862
18983
6789
11768
15713
16772
10043
3320
537
3412
305
10741
12313
22449
15901
11734
6711
8961
5592
3563
17809
18845
9893
3285
13434
3390
4614
11363
13100
14872
2230
16351
12252
18301
18667
10040
3627
8863
9636
2128
2508
7001
7457
8722
8717
11217
11730
19733
9989
11010
15610
2650
19294
21849
13987
19025
20426
20425
20050
5806
18562
15598
11604
11058
10361
21092
6337
10253
15164
18668
22088
22147
10243
20071
14901
20596
12274
13662
21666
22182
15769
18809
16474
16885
21261
12773
22345
13135
22671
18179
8479
18609
23034
21060
19078
18693
21236
17747
17400
22658
18111
12846
23592
20272
20193
20877
17486
19699
17345
22562
15144-18808
3870-7129
3309-3312
16789-18139
7350-9274
22119-22123
13996
14051
21843
559
16857
1139
18439
15576
15891
21385
14919
13310
5734
8658
7808
19454
14303
15102
14551
20006
7840
10697
13509
16224
16953
16785
6774
1795
15212
8734
7316
15191
21935
18320
12505
15578
39
5333
5500
11127
8948
11200
5153
6072
6078
74
6904
4670
8975
2533
130
1639
3297
2865
3278
2736
8261
1014
1875
13063
7254
7252
8395
10904
14228
4934
4610
11397
4184
4624
17317
315
2524
10573
53
7892
12026
4809
65
3469
7004
6059
1600
5469
7506
705
3936
17839
17369
18658
22375
69
1957
5234
15977
20937
22047
12988
10337
9332
3374
3439
4468
2172
13277
3793
4188
3612
3773
5093
9440
3090
19058
22874
7884
14105
14125
685
3125
5722
7363
2740
4189
19282
15734
2945
5247
6331
4197
11004
3698
9111
12847
4279
3573
2011
21877
7165
5154
15059
7400
19806
13961
18539
10492
3927
8485
8726
17363
14791
17631
8394
16813
11545
21490
2255
2042
3625
7900
8382
7888
14225
9639
20017
3862
2589
5967
10568
20695
4438
22415
9550
21301
11841
13046
14067
22713
4060
19875
20428
14899
9911
17755
16774
8940
12526
8408
16410
14606
20041
7418
6907
14009
16950
10179
17637
16694
19231
9072
18936
11086
16305
18994
17474
16945
13454
8640
21698
16792
15116
21069
15242
14835
20250
18245
17244
18364
10446
12820
9467
21675
646-2347
15130-15200
14585-16537
15128-15130
22119-22124
6392
13503
12731
17468
21867
2363
13990
11274
15720
16932
12183
18203
17067
16475
9761
20560
20791
13674
6373
6475
4657
8946
8965
10002
12760
12963
15175
20585
21039
8147
7152
5192
3114
11176
6793
1276
7656
1437
3122
2997
4673
2837
6295
1810
4706
1726
6960
6654
8634
3228
7323
1348
2528
2132
4757
5638
8499
5783
8910
8659
10681
11453
11450
11790
13821
13718
10229
2069
19118
8969
11355
102
4332
6938
12849
11758
999
5876
2709
7493
4395
6859
20869
5840
4335
5236
11281
72
1661
18768
2228
591
9847
9157
14429
16453
22022
776
14297
10421
10869
20365
5875
4011
5808
11736
4478
4655
11919
22427
15041
4262
2108
5045
19178
3986
16256
5779
3448
20394
17000
4494
17805
15467
16633
5373
18252
4289
3695
4078
11576
18321
13489
18692
1634
20109
8895
6695
9099
17396
6008
5929
18619
13956
3031
4457
14576
3915
4552
9367
9173
9520
20088
20008
16330
14222
22109
17298
6133
2473
16804
4848
7963
6970
18330
16176
4897
4751
16018
11082
10109
17820
7829
15341
1947
15630
21001
5869
6016
8353
2477
7265
20446
10252
20635
21487
21541
8652
17335
16565
18445
6239
9172
13260
13056
14560
10306
17641
13541
12415
9973
10291
19003
19887
18828
19054
22836
19008
18941
16297
12645
18934
19891
18084
14212
15331
10624
13962
19127
17824
19979
18839
17418
22349
10997
19590
11081
20542
14674
9645
18001
14521
16984
12323
13073
22259
10094
18959
17368
16732
15019
13368
17330
10563
22065
3786-4304
7484-8328
3061-3519
17804
13127
6111
9715
9861
15939
3840
12045
10284
15412
4356
5729
16228
16877
4029
97
9770
198
3691
7782
6189
9474
9932
10742
12522
14874
14356
15239
18315
18342
17301
271
1091
18113
15934
16709
7118
14200
4650
942
3229
3100
35
2483
4321
301
79
3121
4737
5140
1166
3552
85
2597
7509
22677
21120
1467
12812
7022
46
2378
3410
5143
7194
5301
8534
9287
10846
11046
12797
18305
8469
6983
1264
3000
2370
5684
8073
21921
5205
5288
3485
19614
22655
23021
1456
7688
6205
6672
3497
22414
86
18592
543
8849
1954
5369
2443
9782
7545
7723
11142
12187
11940
19209
1687
5746
10219
20819
7655
7867
6809
14068
14414
19228
6794
11622
99
3074
2287
13049
1937
3064
3066
5051
4586
1955
1086
12324
5410
21207
8030
2748
10978
9741
13805
13134
14221
13438
12862
16523
1284
9858
13320
8667
8936
3697
12093
22575
3652
15204
10280
6738
2367
17238
21806
6183
22001
18216
20439
17640
5866
7403
8400
23023
19600
3525
19932
7038
4791
1587
4534
5621
8678
8688
16064
6561
17751
8334
10764
9114
4224
5053
14779
3994
16566
11392
14358
10853
14097
18646
12085
22867
17069
4994
21366
13410
15877
4196
15073
5632
6850
17845
18068
15841
14417
21850
16438
8713
22926
22651
9652
18767
22347
17233
14900
17989
20048
9646
15972
18418
19060
18957
13048
22244
21715
12968
21426
12023
22386
16695
13913
10431
18312
21606
10389
11866
5029
12564
9188
18920
10791
19284
15649
20537
20462
20795
11858
9334
22086
15770
10131
10955
14806
17372
14118
21196
13305
14198
22478
20652
16823
16964
22378
11249-11655
2347-3458
22485-22486
7350-9516
8594-9155
4055-4167
20324-22119
10914-11357
10414
23444
20097
15178
4998
13676
18547
8999
7069
10257
13566
9144
14599
11466
12185
2450
9458
7620
8691
921
11880
18004
4116
3308
8861
9547
9451
10171
12923
13095
14000
16386
18237
18244
18208
18862
17303
15211
10959
19839
13713
6063
5191
2161
6990
150
8819
933
186
422
691
1019
642
972
2510
3274
2119
3411
2952
2317
1819
8657
1831
4677
1832
615
110
14321
20982
241
2405
6372
9560
9561
9995
11442
11459
12408
14732
6157
5748
1434
5884
6160
177
5304
7763
17857
5627
21820
14736
20801
17697
552
2310
13949
3272
2087
9834
2496
440
263
8025
234
6034
11623
11753
10938
20142
16978
12707
5185
5372
11737
12981
16499
7243
7914
11229
11247
16161
19795
22363
22072
22073
5656
7773
11991
2366
5658
2177
2205
3548
1638
14588
12478
14994
19695
4527
3249
9626
4557
1716
3594
10120
8579
11333
6215
16780
15176
19654
18291
5590
5090
5293
11654
5649
13640
4117
9671
10294
2648
18734
4364
6645
12845
15148
20019
3356
15015
4889
10596
12987
21140
21195
9466
5728
4053
4901
3540
10808
12753
15896
4582
10143
21571
12245
4970
1633
2151
10024
14316
4636
6518
6437
7634
9808
7460
8673
14647
16188
17744
17528
8980
8920
20115
21544
12258
19392
9491
6175
16311
5453
20771
22075
10400
5939
19467
3610
19194
10356
18414
20682
19432
14811
20415
4919
13340
5562
2534
17757
14671
18394
22645
8507
14249
7665
14355
13542
22654
7834
12770
7060
21083
10196
20015
8269
13683
16459
15327
17258
16947
17155
10071
17910
17043
11735
16677
22100
9204
6611
19116
7079
16290
12058
16429
15395
18856
21973
21643
11635
9062
9007
8119
15008
22563
13496
14885
17674
22831
11420
9370
10261
20001
13060
9110
19726
11180
12901
21005
22090
23135
14360
16539
19426
21427
19674
15401
11219
18532
18256
21234
12761
20876
14546
16001
10871
15181
2600-3061
22119-22184
8328-8575
15316-14883
22119-22606
18514-18517
22119-22486
1304
10042
20750
6658
114
3964
10931
11960
16921
10275
7051
11979
10249
14607
16385
14055
14251
7861
14921
4908
17578
20805
9908
1060
15314
120
7086
3337
8137
8960
9759
9517
12819
13151
15217
15623
18080
22466
26
4812
12351
10469
20674
16621
17912
4415
7458
14668
6555
6875
8068
1074
3608
5240
908
3976
2761
890
1016
100
3656
3784
201
2939
4891
3869
2781
2770
1499
5031
14008
7213
10771
21073
18591
12730
3890
4050
1644
4453
80
8390
8654
6377
8082
9869
9853
10079
11531
11591
11901
12898
11367
13750
13746
17267
6636
1176
4988
1854
930
8302
6140
11237
6198
2628
16718
6691
6820
3678
8093
2587
725
9509
6285
6419
1613
10455
22021
20647
17844
3238
15480
8232
8619
10318
11575
12102
7337
10357
13794
3248
334
5222
10502
9262
3353
5636
13608
3740
3930
5040
6667
23165
5660
11727
4512
5666
10928
3102
1170
8430
7399
10843
7608
4871
13926
14975
16135
21098
10553
22768
5106
21463
21020
3524
17413
16042
10623
19602
6018
14032
3520
5302
6116
4048
16644
1798
6882
20360
7754
6795
19217
1948
16773
20080
8321
11011
2629
5641
8687
8435
8778
14320
18334
17005
5326
18290
20510
7423
9925
4893
4911
6035
8649
7467
7428
10898
11997
8043
11228
9918
16855
3635
19430
13182
5013
3361
1592
16799
3398
282
6345
12264
5519
17769
14527
9627
20366
10422
7860
16307
19591
17944
19001
5920
7740
11712
13265
8949
5164
16563
6584
3962
20679
9714
3358
6255
14381
12279
15510
2148
5468
10180
19534
14600
4631
4179
11502
17367
21734
13580
19197
14350
22648
16946
7810
16193
13904
21333
7353
5785
13244
14434
15353
15694
7031
20634
7296
3227
9917
9105
10305
8728
17789
21719
10410
17681
13188
15545
10405
11994
8958
19193
18914
9597
15174
13697
22616
18812
15296
15506
20785
11724
10221
19772
21664
18187
11052
21328
22653
10763
17088
9605
15139
13698
17876
16604
16167
3886
8214
9398
20786
15254
15108
18894
11504
7971
16705
20918
15511
14747
10571
17545
17987
21002
11938
22568
18751
20920
19708
18929
646-756
4718-8609
9681-8609
13314-14243
10845-10914
13054-13055
9587-11832
15023-19068
22606-22772
12765-14005
22120-22124
14586-15157
21822
17208
12562
21791
21211
12221
10829
20699
17713
14698
15522
9742
12081
12672
9486
14937
16381
16920
4542
11389
17356
11539
3783
14098
14983
2448
14512
14931
11988
6495
7544
20397
13663
7084
8016
4120
5439
10003
9758
8902
13538
13539
12928
20220
21370
17325
7492
9823
9365
21387
22692
5634
7422
5744
11220
5447
3630
6858
18960
1251
148
1438
4308
6274
3387
16270
10737
8724
14701
4443
1078
8676
2575
1715
2715
7505
2081
221
1577
157
2986
3538
3119
5084
5625
6509
4089
189
1092
9185
5506
21094
4602
6007
18362
9750
5970
6510
762
6431
9184
10099
11433
12939
18303
19336
602
2840
1786
22346
6769
11252
415
864
18119
1478
11696
7289
935
1859
16216
19253
1864
227
9846
8935
2304
2306
1706
713
287
9713
89
2852
1155
6351
3137
7885
10338
10296
10333
15719
22451
13115
10121
17980
16749
722
1603
3660
3596
6353
8320
13021
18048
15167
5124
2331
5037
14926
4926
3204
4178
2429
5378
4530
245
5112
7230
4265
17124
4597
4819
209
4863
2991
10770
9150
7417
10316
6477
6546
10485
3025
6408
5312
21034
11599
1837
13246
15299
16134
22468
3129
10985
531
8708
9934
4581
7421
22398
3950
17946
20929
23180
7340
9300
16356
13185
5979
14539
2813
5637
3094
5676
11952
2506
4229
4959
8812
3800
22695
7126
2572
22789
4688
3180
7154
12688
13483
19271
6592
3127
4832
1995
2634
1999
7776
9598
9447
10164
9044
19302
19265
4126
8468
17894
8822
14543
3075
5401
3757
6898
22221
13725
14047
10335
8700
5015
11688
7396
5254
5255
5133
19117
16972
17902
21725
3389
14100
12885
5754
18883
20464
5661
2694
14873
20095
20163
5691
13034
15091
15183
16396
19978
17075
5911
4545
3456
13155
5263
3907
18491
16817
18794
5344
11037
11425
11894
12034
4199
11188
7444
18333
19705
13362
18746
15931
7285
22385
16963
9233
12448
17417
19794
15581
22527
10735
10690
14460
6692
22269
8497
21735
20523
14735
14103
15246
16676
15722
16380
15273
15037
15038
5587
16504
9943
22984
19377
14913
14852
18268
16830
15464
15744
12687
17336
14615
19604
19023
21882
19203
16585
12319
11311
8970
11168
5775
15498
12752
14971
12782
19709
17089
10733
12001
14807
13605
20412
20258
19578
14868
11474
10289
17604
6536
16240
18610
11399
12711
7750
14049
19051
20553
13549
17464
18571
12543
15852
20818
10611
11670
14623
20753
20427
20583
9987
20775
11009
14134
19936
19190
18841
17988
14351
7966
14992
18118
18561
12489
20056
21590
17811
19107
20375
19254
20460
12606
22264
22693
21978
22421
21922
14353
20339
22484
8607-11362
84-92
11733-14124
15730-7796
1856-1857
8543-12435
7350-8601
3235-3979
22485-23138
22120-22123
3220-3222
11577-11832
7714-8607
17992-18808
11949-12416
10914-13314
10704-16537
20359-20571
8609-10677
16537-18807
22482-22485
17662-18027
15853-16535
22492
8783
19208
9473
679
17273
9035
14076
11359
12521
14613
15390
15249
12622
10211
7392
1575
17605
18390
16657
6559
10680
11840
15558
19527
19351
19836
21510
3853
14869
6130
8088
10549
13927
14655
14550
17643
17694
16098
18242
18411
18747
21338
21123
22420
14241
17111
7499
4072
9838
18300
10450
13038
8080
10900
6779
7205
2843
5564
925
4006
2527
4093
4690
2831
2067
7089
2083
3077
2456
1147
13925
14704
17370
1470
1224
2426
3189
4455
3033
3120
4500
4966
1197
1207
7588
3438
1394
6327
1824
1454
6984
1047
7879
8829
5991
1829
22196
1315
4649
1202
1334
877
2649
1985
1952
3514
4446
2985
1346
5536
7336
10187
10706
9844
10562
10699
11530
10319
11589
11691
12071
10739
12418
13742
16751
3809
2832
1117
1248
10358
8710
12481
52
659
8919
15780
16632
1056
1582
3669
1320
11557
18102
1449
4218
16271
2288
3250
8078
73
19840
10522
5121
3362
1491
3494
5129
2625
2156
4674
7878
1933
14847
2142
8160
10848
9981
9960
14456
19581
19603
12978
19304
20789
18319
21215
21951
1921
6389
5510
300
3335
5356
5046
4755
11830
14700
17389
5835
9261
10007
10725
19956
15043
13197
21051
13091
20625
2542
6046
3841
15358
17771
226
1699
1626
4238
22666
14337
17507
14697
19612
7445
15992
137
4309
5300
2678
4964
5385
2017
6178
6897
10402
7543
1169
1838
1877
1211
2763
7427
5208
9016
4365
5197
555
7368
18826
4305
5273
2829
4194
10132
21056
6539
10000
2117
10470
21979
749
15361
6815
14740
1355
3582
3518
3402
14073
6241
11435
6209
13991
1946
21322
9310
10033
14783
20539
3224
3036
4948
17074
21147
11138
11292
19644
8308
4651
5196
5415
3063
23081
11060
6895
12144
12293
18120
6467
15460
18444
7842
9468
10037
18843
875
2206
7697
6688
13023
3877
7366
8884
10660
13778
17880
16781
14644
6251
4598
12892
2232
721
9031
17535
7294
3905
11627
19664
10170
16358
9937
9503
14092
17365
13911
20677
18700
20980
10216
20060
17452
22012
3562
17834
17021
6207
8821
9238
18086
22566
14157
4573
14299
347
5077
17550
3837
5805
10039
16434
21096
15800
13261
9225
10246
21516
22410
21504
5162
5816
5659
11183
21226
13061
6039
12192
9259
15272
18925
13473
19791
8107
14018
10509
22851
12103
15632
19601
10991
14006
15519
20482
18655
8351
10744
19894
13669
16779
3396
9958
21572
8725
8246
13844
15245
11231
8374
7070
21152
22855
10108
15090
7805
15665
16192
19831
18241
14522
8274
20132
23078
17156
19079
22904
19215
22458
17030
6813
19357
18961
20551
10850
4976
20378
18046
17276
13036
20021
16734
17094
18953
16975
13276
15681
18599
19350
12483
19120
13149
6501
19071
10078
22714
17481
16401
11075
15663
22576
21665
16174
18867
21325
16630
15878
8300
18669
18659
14800
10921
9526
15645
16951
17796
22126
19994
13374
21670
16466
9978
10906
6455
17842
20636
16962
21199
16761
19638
14317
19189
17926
19763
19585
11693
13978
8066
14378
10411
21589
19035
19508
20573
10073
21925
19085
19021
19673
12431
20757
18425
18207
20278
9977
11232
16847
18555
16859
16990
16915
11738
17290
19156
15494
19474
12609
19073
21852
19049
15834
16793
16162
20780
19412
21273
22176
21943
21499
14243-16535
7796-14380
15187-15188
3312-3333
4501-4502
1880-1884
8594-8600
2703-2704
10027-10105
3034-3235
14568-14589
3899-6027
7374-7518
8597-8598
8256-8328
3220-3225
22480-22482
19162-20039
9155-8594
9155-10914
22121-22184
13249-14244
14244-16537
22479-22480
19991-20049
9856
8380
11044
398
14990
19977
8020
3897
2812
7502
16284
15784
9931
5877
13639
3833
21467
12175
15940
4030
164
18065
17441
17445
8623
18545
20472
17959
937
7446
8172
11325
11262
11975
12218
14027
16506
16403
18258
18698
18860
19874
20033
20007
14784
15208
16860
17186
4099
14372
10343
19515
8840
5594
3624
7041
974
10113
5314
8038
8307
5156
5980
2713
19345
1475
1987
6824
9675
7187
18304
20624
4992
2604
1754
188
2760
2382
2264
3385
718
311
1020
3381
3082
3536
1656
1803
3352
5209
5144
5624
1324
6381
3516
4697
6405
13559
1194
1385
1407
8276
7277
16331
8139
45
1505
6947
1316
1925
11861
2381
4461
1205
5526
5629
6764
6499
8898
9032
9814
10683
10432
10435
10639
10484
10117
11256
11726
11728
12120
11436
12106
13303
14382
19823
1329
6208
6025
2411
10622
6564
423
1719
3208
2493
5226
3848
18039
22136
13282
4400
7787
6202
1768
3825
5931
7529
5324
3468
16800
20463
23059
360
2584
550
728
358
2314
15640
17383
13123
16248
4574
9621
707
5257
9653
6887
4161
11306
14333
14995
15996
17143
18985
12806
10621
21405
22637
22642
18968
19301
23124
3296
262
2747
2114
1866
1560
6966
22089
5147
14737
16420
16662
1721
6062
10373
11092
19939
3384
4920
4529
332
2578
3787
7278
1599
1939
2978
361
2251
13280
5054
3401
4894
1669
12450
3161
2830
10703
22848
4049
13691
22865
2566
4618
5903
3369
7028
5343
5720
18944
5126
7527
16015
15697
4710
8990
2531
5745
1167
13528
6680
18487
16151
5095
2024
2466
7125
7239
10087
6663
5348
6884
11998
5975
11461
2369
3324
3096
9608
11786
4054
19263
2545
11096
2246
6788
7217
5978
11265
12401
3818
14785
14827
246
16147
9997
2967
8645
12855
5025
4900
7700
12035
7921
7318
15555
8635
5056
7516
16415
12040
8067
6600
14750
17379
10010
5210
675
19110
6717
11223
3160
4203
4245
3770
4039
3292
5607
6540
6932
7496
9374
9854
7894
10376
8047
6725
14630
19995
10051
7419
13824
4200
2212
7915
8190
5969
6739
21080
10626
16364
14608
17007
2355
379
3675
16886
20009
16041
13711
7717
3924
20354
9647
11463
6421
12502
12946
7575
16559
5317
14726
8494
8848
4745
6162
20301
6253
11269
3502
3124
5914
19473
3878
12764
16089
22162
23470
3873
6549
9236
3509
18295
13692
4958
4166
10038
1624
7946
7029
14373
13567
2482
13863
2560
5739
16768
14277
3251
7629
9654
8242
13386
7942
3935
2918
8236
10202
11543
8502
8364
4082
4383
18422
19214
12703
18230
14715
17384
10371
12559
17463
15301
12702
21414
5936
12504
8628
12569
4985
18371
13795
17977
7291
20252
21078
13550
15614
8504
10840
8666
22856
17888
9198
13578
13583
14421
11798
14170
22128
12282
14890
11102
7235
5091
10303
18302
22311
13437
16185
20133
11330
13247
21484
22765
18466
22399
16814
21854
11071
12257
19191
19438
19198
15404
21785
8853
21324
20800
9965
12966
14248
16876
3758
14676
21623
17097
16052
8123
21397
14549
11031
7250
4813
8827
22895
18232
15699
6535
18694
17596
18949
17954
18348
17051
9848
13085
21350
4625
20987
11329
12204
13679
6986
19973
13906
12318
18844
15846
18460
11079
10748
16837
20177
8751
14909
8775
18600
15702
20045
10534
12011
18660
23077
11432
10480
16983
16955
14950
22656
17079
11897
11930
20224
12317
17471
19750
14981
13850
16196
17095
18392
22582
16545
18884
17309
10715
20797
13834
13986
22085
19084
21926
22481
21984
21870
12019
12422
16613
20337
14192
19229
19653
15543
16883
17500
21279
19098
23043
14399
19083
18122
23629
20811
16851
11068
16413
18059
18088
21600
13071
18178
18637
23531
15942
16287
9011
20712
20221
17147
16894
21250
17832
15604
18323
15435
22216
9391-9392
8609-14585
15048-15144
2347-2950
646-3458
5235-4055
6481-6562
108-109
181-2347
11211-12514
22486-22569
18807-18139
9275-9516
3458-3870
8594-11577
18807-16789
4370-4919
19061-19067
11109-11227
14240-16600
8607-8720
3235-3541
22485-22480
11361-11832
16086-16789
22120-22184
8609-10027
22485-22569
20049-20051
12842-13658
22123-22184
12031-18989
10914-15047
7796-10060
17992-18138
15444-16778
15092-15157
15083-18807
16537-16600
22120-22119
15144-17992
19954
22186
2487
17633
16334
22091
9882
19523
10814
17059
20894
4419
14081
15263
14389
15967
15271
12136
17297
4559
6706
14422
16846
13090
19599
13069
9272
18909
11290
8029
3965
6137
7784
7611
7924
8017
7953
8927
9505
13262
13756
11981
13983
9610
14267
14096
15489
16507
12822
12488
18079
19227
20103
18504
19975
14079
1406
17136
11255
12025
10374
22660
8379
19925
556
9822
4331
7106
1390
932
8845
6371
6383
6252
2098
2308
2692
2776
678
10539
2995
40
4913
5150
849
1238
582
2951
1015
9795
3170
1105
1367
7662
20843
5933
165
9496
1080
1335
18832
2878
1342
4376
4273
1615
8039
6506
10266
10070
10984
12174
13822
13811
14231
14362
15761
6729
2624
3136
7466
9850
2316
3108
8675
9025
939
199
153
964
9966
15298
4323
4939
1408
6330
6172
11190
18292
2512
2026
10602
11206
660
1874
10430
15636
2514
573
3232
8069
1714
6382
6693
22614
2138
8873
3106
436
680
2283
354
1611
435
5243
1686
1586
363
7240
4429
9364
290
21121
730
147
2143
4867
5960
5252
7397
6871
12874
15978
8267
12430
11618
8505
13099
5585
13202
13186
16748
19582
10204
17268
20296
20545
5888
682
329
1891
1087
1240
3264
2764
2673
6414
20817
5899
129
5261
12979
15104
15105
19926
6219
7483
17261
23162
4892
2546
3718
5944
90
2181
6931
2425
231
444
400
3196
2323
520
2775
14418
4110
11393
1114
18149
13762
14193
4578
4616
14302
1425
8698
1029
2859
8537
5287
3736
3978
17810
8026
15258
22678
2294
11648
1807
1887
4347
11045
11107
12533
1508
18239
2983
10442
2797
22629
8684
20174
1350
9697
6756
10661
7185
9196
6193
6988
6277
4647
4017
4464
3099
3338
7287
3572
6550
11745
4507
1822
15755
7728
5820
5663
2211
6428
12895
14258
18409
6141
12012
1466
8357
2214
337
21134
1702
4253
11532
4955
6591
10736
6953
5187
3265
13337
8027
10773
3577
8793
4444
7244
3322
2023
7273
7414
17076
9034
19125
8324
9073
10923
10154
8731
11429
3062
20362
3231
3982
4558
5535
6678
6648
7777
7847
9215
9775
4553
12971
11891
11238
10250
13443
9542
10745
1750
3580
1210
16497
21525
21872
787
17815
2428
7183
1055
19522
13118
22682
17621
13167
2139
3269
12303
9187
3836
9926
6420
7348
11628
1126
10589
1694
13636
13482
18153
6955
14951
5901
8152
16455
20657
5776
13570
1733
19155
1490
2380
4943
11804
4692
21871
3131
5512
4198
13835
8422
3827
2127
10945
14733
16309
20355
15095
13804
3745
15232
1631
17205
3565
11490
14642
19739
9207
7618
3934
18977
20263
2270
6571
20723
18996
3072
18644
7105
15469
15582
14945
13865
17558
22287
5332
2732
16561
10184
4158
10214
8699
7219
6610
6359
6920
15904
13242
14936
4759
6281
15787
16739
19195
2384
17462
9685
17308
15493
14254
11342
6671
20870
12082
12944
6583
23291
17232
14327
9423
7600
10576
4695
12744
18306
22134
19860
6087
11656
7055
20569
13196
10288
16609
19920
15439
13710
6212
21135
21368
10593
15098
15679
12205
12130
19026
6019
13422
20838
7442
8013
19397
20215
14814
12224
16801
14548
9213
4433
19019
6896
15352
19731
16712
14734
18931
19553
14173
6677
2858
10086
20505
20564
22663
6069
8677
22543
14882
23069
20153
7673
12710
23329
14145
15143
3267
23516
10782
14910
7605
20778
8836
11398
16596
18741
8690
16794
8766
20094
6237
22875
14312
5586
16661
16289
18085
21343
19933
9851
9955
8360
21369
20754
22502
21067
10760
18962
12907
9930
12115
5544
10747
8841
13452
14146
12813
13235
12341
15628
19015
19477
19684
19688
18452
20075
11423
7015
17707
11405
10861
3704
9852
20860
10352
10672
12825
10572
9151
18069
21362
23555
7107
12236
9015
16752
22888
21508
11671
15046
17362
20079
15989
22879
15029
22978
14379
19683
20806
12362
11884
11802
10282
9607
18287
11694
21198
20018
20868
16640
19865
18152
20575
18282
12759
12681
18395
17221
20552
22338
20277
13758
23246
22167
17006
17008
16368
10930
18090
18611
21901
17060
11614
11607
18512
20124
19878
12010
17358
23095
10883
14461
12918
16834
20659
22377
20577
19232
15803
17393
23594
20495
12490
20902
9136
12140
22351
16081
14672
21886
14580
17749
14477
17812
19259
19722
19359
16233
22564
21138
22652
19687
21188
18888
21191
14270
14492
17497
20574
18294
20081
21519-21714
9516-7350
1183-1185
84-2070
1222-2347
7755-7761
4143-4933
1067-1069
3333-4195
646-1222
3904-7991
3309-3310
18807-18971
15048-17992
22483-22485
181-3458
9904-9906
7350-8597
8398-8607
12995-13249
16789-18027
4919-5440
20324-18921
18017-20324
12394-11239
15485-11361
7349-7714
14420-18391
18027-18969
12191-12366
5102-6687
11364-12031
10104-10914
7350-11034
8543-12394
12366-14250
22485-22668
11357-12996
13626-14703
12416-14244
11832-15130
15047-17992
11357-13314
22123-22606
15730-17416
10367-11369
22479-22485
18938-18969
12403-8600
15023-16757
22184-22606
22119-22772
22544
9720
8739
12821
14534
20556
399
4906
11649
8850
10223
16509
10220
20249
8
2698
8662
18687
16742
20225
18738
9284
2845
3998
2677
949
2757
5391
5851
8329
8540
7109
8229
9690
11108
9707
10158
12316
12219
13218
12837
13157
14452
16038
17404
18199
18262
18675
19285
18593
12300
20098
18458
21064
21569
21580
22804
23464
17614
1206
15895
9038
9765
14115
19423
5930
12540
11140
6206
5819
6080
888
127
940
910
6301
15763
12116
4287
6959
2009
2056
2771
5905
8981
155
899
1845
3631
3190
1511
4499
4330
5168
5619
5503
6872
5516
1127
1096
1171
2320
9353
851
3867
6390
22600
5795
11101
13344
7245
1340
8596
7133
2773
1354
3703
3811
2880
1668
8354
8706
8040
8471
9740
9591
9887
8140
9863
10377
11456
11444
12149
11449
12853
7559
13858
14725
14253
16268
424
1739
2401
21332
5195
893
4853
11295
878
894
907
12456
7617
10693
2523
1249
561
729
9905
370
394
6224
3109
7510
1255
1886
4020
3028
116
2739
7326
2568
5492
1662
2074
4905
15237
392
1708
593
500
3162
6928
22965
2492
1157
1590
2627
1932
2174
2116
1133
2593
1496
447
5001
15966
2669
8323
7994
17149
3854
5981
2755
3634
4162
7599
10825
10887
10889
10597
11305
11863
11482
13199
15957
15475
12477
14423
14709
15791
19183
23171
23354
16255
20381
162
2416
1485
13517
15876
5964
5831
4940
16487
17216
18359
19663
8762
9577
9664
11029
20307
5950
19364
22268
21823
2498
5379
2374
3318
312
3917
516
5736
2195
1327
6128
8815
1471
14176
12480
1387
4210
5238
12741
9730
4260
1647
8500
1513
3007
104
2974
1443
7798
6963
10605
7454
20527
214
8522
22341
5611
13518
4957
14778
1879
8383
1504
19210
2765
7409
9205
4659
9339
5721
1623
9381
5009
8257
6722
3752
3130
4605
4353
5004
21503
4233
3347
1045
15633
1494
10248
2701
20529
7524
1617
1894
12181
2901
5908
10505
7059
2652
6303
9868
15455
10950
1017
6572
4679
2075
4886
12208
3642
3004
2486
3325
3445
3689
4561
4422
913
6188
11792
15094
4784
8553
2207
7455
14775
14953
7623
6602
12920
17890
22407
12732
738
11995
9919
218
1217
11680
7680
6042
15990
1968
252
6625
1632
1275
5836
3175
10375
19199
21156
22194
1514
6821
16304
2061
7376
10026
13826
11690
4290
11778
12772
22381
8222
22797
4641
23197
17085
2299
2250
12695
4623
13173
19196
19201
1913
14805
3780
3588
3996
4601
6120
2821
8275
8405
6569
9356
9902
8143
13766
7628
8776
9108
5799
14752
17837
20716
12172
6827
11440
16844
6126
9745
2518
15595
639
3464
6003
2727
1370
12708
5497
16515
1735
15343
10189
22206
13630
1259
8736
19701
7667
3729
2902
7788
20532
2277
9632
15244
16926
19370
19034
7715
23377
513
15332
2913
13330
16221
17672
6724
7873
15830
4879
11509
5857
2234
2348
4007
15162
23060
6218
2153
5428
7056
1910
12147
6023
13042
3926
5669
6676
3730
3351
4201
2253
3370
3495
3872
5163
22330
23662
3605
6446
2113
2659
11644
651
13083
1640
6979
3277
9820
7902
14437
3086
5777
6139
14989
2910
3591
13398
12247
11540
2663
4533
3973
12818
8904
5349
6190
7868
21392
20593
21486
4163
5389
20308
1544
18427
5253
10718
10778
3547
12233
13784
16525
6649
7644
17658
1629
11741
4234
17397
7613
13888
16244
10258
12634
20816
18141
22149
5321
17943
12066
10474
11047
2360
5525
12321
13300
5963
19805
13988
17746
4824
7053
18455
3276
19352
9967
13848
5584
14448
12715
5990
14445
9359
23218
6847
10035
21079
21960
4808
18324
18070
7344
21130
23036
8996
20852
13457
15309
18236
20891
18854
12458
21479
8711
11527
18183
10396
17543
19391
21668
16976
12005
19250
22284
16191
9558
6118
19240
14572
16370
4753
14993
21184
17066
21500
2605
23052
10698
21307
12733
4380
5696
12334
12535
16967
19646
20931
9674
14820
23108
4842
22362
5357
21167
4411
5496
9321
9030
23091
19165
12706
8508
13581
20718
9622
13435
12534
21772
10987
23413
21781
13110
22270
17250
11475
11679
20043
13317
11906
10565
8134
6391
20295
20213
7426
4996
16658
14294
7659
5248
2037
6548
11343
12304
9537
11523
15075
11668
17644
14967
19299
17266
22636
16979
21003
22780
8166
5066
10581
21202
10523
19188
16110
21284
18769
13924
12017
5318
8463
11912
10564
18869
9936
7410
4232
13842
20255
15270
14940
14301
8693
12840
15685
16093
10986
7473
21473
22387
22278
21403
21321
6861
23094
18725
20655
22624
14973
11946
9149
14938
14757
13820
11000
15563
8772
7295
8723
16232
8511
16170
15062
17638
19132
20083
21137
16317
12439
21364
12494
11796
9666
16631
18279
15973
18472
20808
9489
10512
21883
15809
20230
22553
14508
16939
15276
11797
16906
20879
17952
18331
16202
11868
16006
11406
10503
23412
22691
21861
19846
17322
11612
17328
13729
19606
13856
15672
18966
21438
21204
13684
17821
22688
14300
13875
15654
20202
18816
17466
21312
13659
18222
13535
19504
19187
19847
9971
15450
8695
17254
19552
18837
14609
20845
21881
18186
13685
22964
20012
13209
10663
19368
12908
17224
13258
16893
21257
21597
13472
12910
18213
16115
21313
20661
21622
9117
20632
21917
14856
19800
10383
14968
14738
18413
21280
10309
21063
14309
20842
20338
21136
17788
21008
17106
14812
17419
20741
18057
21862
20171
11780
19445
18955
21742
20266
20658
17032
21727
22620
15431
21186
11133-11227
1828-1830
1831-1832
1285-2109
7349-7350
3798-3856
4195-4591
16535-16598
14703-8595
21336-21337
5039-5235
11078-15130
8607-8733
13191-13752
1855-1856
2176-2600
77-108
78-84
8613-14010
3979-5787
10894-11362
7176-7729
3309-3311
3311-3312
3312-3329
22485-22561
13249-14585
11949-14244
3220-3236
2993-4526
9681-11961
6397-8702
22486-23139
15187-21389
3312-3486
11361-14703
20535-16750
4718-5786
22299-22623
3906-5920
22121-22119
16764-18877
18137-12031
9638-10328
10105-14240
5813-6427
8594-13314
11361-13915
9681-10317
8614-10894
5440-5813
9681-10105
15192-18965
11948-14243
16535-14582
20802-20998
8595-16806
12805-12031
7349-8903
10677-8609
15006-15057
18514-18516
7350-9544
16269-17257
6481-6843
3222-3236
14325-15166
10628-13918
7349-9429
7756-7761
16537-16789
11364-15216
22482-22486
14244-14380
14250-14881
18917-19333
13268-14124
19990-20049
19991-20051
13314-14244
18980-20558
10060-17416
9155-11577
8594-11832
15137-18028
16885-17482
7755-7756
18807-20600
9041-10662
18807-18027
14586-15147
16808-17416
18808-18138
9516-9544
22672-22772
21024-21117
22124-22184
22486-22567
22123-22124
8770
6889
6954
9886
13499
10834
8007
7614
5047
18386
12407
1515
9818
16510
8608
13681
10195
7
16942
482
18753
5902
9085
14886
6852
10
2923
19142
11347
11296
4324
12213
13256
14694
596
15886
15163
8638
6012
15873
1956
3367
6653
6204
5499
7479
7173
3504
8488
9058
9239
8931
9928
11173
10954
12269
12631
13205
16058
18260
18298
18678
18650
19213
22236
22235
22416
23153
1806
6976
7523
11327
12406
16744
17542
15503
15521
12365
22417
12510
15742
6187
17676
8110
19573
1533
3549
7407
7411
506
1389
1110
2247
3702
50
618
6146
11460
6161
1061
7475
2520
2567
2717
2319
10558
126
3487
3017
1500
3211
511
3866
3975
2850
4833
5008
3192
5511
5353
5171
5951
6294
6214
1382
6177
3186
1843
1892
8606
1816
2088
1848
1790
8072
1174
1312
981
595
2133
3826
3633
2981
4216
2079
4653
5059
2794
6348
5446
2032
6770
7907
5898
8187
7280
9147
10103
2035
9380
10592
11494
11966
11454
13044
13741
13819
13810
13743
14087
15765
692
17889
1574
751
4504
986
1051
8781
3179
617
4407
19105
6144
14183
1347
3423
11601
3057
14416
3894
4079
11785
15748
22883
2082
3887
1809
529
3207
4220
124
882
1161
122
47
2944
1902
3653
643
2003
21323
22962
2543
1472
1645
936
592
4357
911
13970
816
1246
7325
9165
9778
12443
5127
5861
6609
20540
9342
1113
667
12679
6006
15384
3645
1256
1177
732
5647
6168
5904
3112
3145
17825
22459
22622
6121
465
508
1160
14699
410
433
12639
4074
6758
10407
14313
18284
4849
655
7082
11647
2344
5966
10239
4240
6324
7049
9195
71
15317
16970
15392
15236
12206
18830
22535
296
4062
1062
2499
2984
6639
5709
7405
3039
4796
12735
14413
16124
6900
7358
8404
9843
9909
11563
18019
788
677
6223
5283
1588
21993
1119
710
3755
1612
4532
2461
387
1842
5396
7731
5881
4243
5363
6316
468
21738
21982
12284
3166
5539
20145
12250
10138
1273
10649
1476
7530
4493
6067
3526
142
1850
6637
4850
5275
22188
625
9335
20670
6752
1435
5277
12302
1783
1785
6079
11603
7827
3383
3543
3753
4725
4788
631
11156
12420
2617
8371
5537
656
16568
1793
1915
1213
373
20930
2076
17132
16217
22067
18510
12412
14619
98
9231
11526
4471
4281
17774
540
797
13349
9593
8407
10055
2453
7859
1971
6068
4556
3133
10574
665
17011
20958
9727
12527
5115
10637
4592
4205
4593
7017
5148
4698
13980
4084
4509
5604
6854
6890
8148
8125
5747
8532
9599
8322
16838
14769
6651
2631
1792
10247
12578
2030
13985
10304
3373
6967
5424
2556
11186
4861
473
1401
18683
4857
4844
16998
14598
2690
13686
14089
19141
22769
547
96
12442
21146
21150
20812
7190
16179
4741
4987
6250
6807
10497
23130
12734
4803
4176
5132
6874
5276
21244
14071
2237
1163
2105
11144
7705
1384
5924
7448
8727
20579
12524
3667
1930
610
2396
6297
8788
4628
22832
19200
1272
12836
2818
3426
8177
12800
20774
8584
10348
8474
1960
3583
14130
720
4738
6526
6962
7538
7385
8967
8707
10936
6287
11417
9295
9568
6646
12972
8877
12557
11637
21957
5078
10169
760
9388
5436
273
2233
18176
12598
10937
17997
745
5926
7541
578
3578
10155
19961
18556
4267
6164
3724
10616
10540
9171
5023
2581
19264
7292
3785
12039
19634
14924
1153
1120
6912
7703
16095
1339
2940
8165
6582
21515
9791
11496
4113
1429
1580
10645
3336
3123
9292
16411
2125
18387
16171
13551
14710
15359
15044
7577
22847
1898
19517
5749
12983
15159
15866
5973
8486
344
703
3138
9835
14635
4726
8022
12385
18810
2137
9484
3677
22245
22708
16997
7155
22280
4942
10395
13984
12193
8344
14435
2549
5494
10147
1568
5689
2218
5479
10062
5683
5987
15804
16974
18095
3861
11087
5296
4412
4190
3148
21082
5068
10989
4633
12601
13837
15011
12419
5581
4437
4531
21887
8008
14643
21692
1343
22972
8314
7768
11514
16594
13898
19192
19126
10545
12009
3615
14233
10301
17551
16956
6870
3517
20696
13651
13730
14616
10619
18257
8253
17478
15954
17327
14871
10081
17764
6761
19896
10740
16318
8546
16067
9938
2741
1862
7103
9907
15626
17907
4627
4936
5800
7954
14829
19615
8056
21750
14765
16366
14972
10463
18164
15721
10537
3661
14893
20544
12913
8630
13631
4123
23037
17671
8997
19531
11103
13572
13404
4225
15616
14390
6114
22987
9241
20433
12788
14031
11953
15668
5042
17548
19793
10362
12807
8199
10944
10302
6961
13328
23019
23026
10115
4991
7073
12308
22699
9682
7968
21520
3482
5228
19876
17230
17222
15753
20475
12297
15747
17387
15779
8893
13672
12463
18212
13007
7944
8905
11621
21796
18596
13225
10135
20736
9603
12468
14518
3571
7148
7580
5345
11676
9676
16012
4876
15818
8578
14045
16574
7668
6918
4814
9738
19262
11059
16183
12132
10633
9712
8752
9146
7320
16656
16472
17892
17875
12148
18654
19976
3270
21805
16685
6257
17923
18589
9968
12625
7462
11024
8562
9191
9260
12863
18089
6113
23497
20179
5878
8263
22161
8477
6340
14291
9661
21534
11957
12244
4160
4712
9535
16003
21091
19539
12507
21552
21113
17559
7199
10529
14753
13693
16686
10547
16706
19965
16061
18552
16753
16865
7880
18352
10732
17102
6575
10546
18829
13423
22382
8037
12660
13852
9022
13463
9821
20364
18471
22913
20610
20746
11067
20304
9009
15151
11049
7794
19872
14348
12919
16383
17316
19024
14686
20340
5387
14583
12937
16245
21616
22094
21326
10885
14093
21639
19934
19668
8012
17128
4436
21144
16428
10482
13122
12934
19434
17223
15377
18897
16137
14459
13465
11205
22578
21941
15311
12661
12194
20078
7982
23295
11170
20979
15875
19226
13937
19184
13203
19935
12000
16114
11634
12263
18868
16602
21055
16516
14780
12857
10213
20246
10600
14156
23293
11493
18473
19323
11318
16172
13297
12022
22200
11382
13433
17529
11548
14187
19728
7359
10647
21275
20191
18370
22951
22810
11828
13648
16608
22471
9501
19567
15499
23057
21444
23110
13009
14223
10021
17259
18457
17035
12367
15925
13969
18737
14054
20686
19028
10971
14346
10008
14394
15398
21461
17213
16498
19727
20058
15963
22293
14918
8413
21026
12643
10359
15673
18940
18933
8665
15437
15874
12007
13537
18899
13833
21367
15055
18366
15655
17813
21093
11129
19675
17422
21977
12674
18318
21050
20347
14101
14171
18726
22395
7972
11717
17180
20765
17288
21311
13599
19627
19443
18378
17295
15999
20236
21531
19923
18568
16101
14468
13377
22948
17070
21899
13401
22650
20476
20779
21141
20203
20324-20758
11362-15083
8601-9277
7350-8603
14594-14595
15147-15157
3458-3541
646-181
4467-6005
22675-23232
9391-11567
3118-4467
11210-10894
602-612
3856-4195
6768-8461
81-151
3856-4591
3034-3118
4195-4304
2950-4815
3483-5079
18877-19549
3239-3241
5796-9679
13838-13918
8607-8609
170-172
3220-4293
3220-3239
846-847
887-1196
8600-11357
2744-2970
3312-3856
3856-4108
103-115
5402-5665
16489-16741
18807-18969
1179-1183
11361-11577
3235-3458
9443-10914
14244-14585
8101-8943
2124-2126
14585-15166
4791-4900
2347-181
13314-13272
8607-8823
5863-6293
16757-15023
493-3034
3262-4764
13314-14420
3235-3034
220-236
8256-10310
12031-14013
15130-15201
15260-15607
18917-18932
14420-15485
15026-16757
7714-7761
18954-19335
18137-12805
21389-15187
8609-13249
8610-10325
11832-17194
14245-15481
3312-4195
7518-8652
11239-12404
8609-9681
13918-14017
8595-11361
13918-14585
12996-13314
20600-18965
7761-8361
18517-22119
10721-11832
10914-11211
15150-15097
14017-18027
15477-16269
22258-22259
12435-12394
6041-8286
17416-14380
18969-18965
14719-15097
10355-11211
10914-11832
8594-10355
20092-20422
17683-17685
20324-20535
14244-14587
13267-14017
22483-22486
18027-14185
11733-10896
17483-19915
15020-15023
18027-19958
20178-20517
10495-11832
9672-11832
14184-15081
22697-22772
18515-18517
14719-16789
18139-18807
22571-22595
381
8621
11640
8450
21866
13616
1528
5547
9589
12270
12866
14911
15988
17768
15229
4301
717
19804
18598
12624
11246
16034
3824
13723
8560
5350
18731
17399
21474
12804
10014
18
15515
12173
13547
20069
19694
18327
23048
2073
946
4654
6686
6406
6061
6532
8547
8514
8921
9433
9688
9983
11132
12162
14042
14112
14773
16306
16796
18317
19308
19171
20206
21185
22132
19993
23018
16105
5859
4571
17699
9779
455
4840
6407
4668
7424
13854
9419
33
6713
7259
6749
2135
7897
607
1393
1464
1066
1452
2022
2027
4914
6151
922
912
93
598
9003
1378
14853
9493
12108
14627
18507
10867
3632
6300
7247
2494
876
6792
6956
5906
4599
7482
75
3432
138
1675
2307
2719
1253
2249
2877
3893
453
2808
38
1919
600
885
2389
1219
3306
3717
4181
36
1131
1225
1386
56
1769
6365
6004
7255
7007
5134
3185
1823
2203
1527
7434
1720
6010
6380
1364
954
6906
42
10172
1896
886
237
2772
1981
4366
4102
4827
7379
8592
7091
9039
8437
8585
9769
9833
8798
9849
7978
9867
10723
10493
10424
10701
9658
11279
11594
11458
11699
11452
12414
12485
14721
4344
2554
7246
599
8837
8426
4851
4637
43
390
1552
1441
3550
7057
8518
175
1115
1833
292
2134
7996
4772
880
22990
1192
19266
1928
1641
107
1405
12311
1149
8167
1146
17874
3156
11684
13287
12883
1414
6957
1628
1418
10998
1893
5849
7327
6891
966
761
1034
105
9446
6853
11113
1738
2262
2539
2050
9649
7792
62
4098
3202
10230
64
2179
2454
128
2051
1555
994
724
2526
551
811
325
2145
13180
2544
1298
766
4604
12705
14392
13497
18347
5652
140
4550
5809
6459
7876
15375
10837
10755
8953
11020
10878
10342
11547
12610
9687
4291
15339
16579
11377
19558
16637
6825
1805
1804
1840
2833
3463
4951
7321
5718
18393
21170
4817
6191
14190
15335
16682
17450
975
2318
9860
21102
20904
8402
21708
1636
2670
3021
408
1606
3719
747
1698
1540
4787
1770
2607
2774
3054
1187
3822
565
13644
1242
11467
280
16927
3741
1299
3554
5229
6808
2963
5395
5048
1727
9717
3016
3937
3694
499
1085
6855
1172
4043
17556
17382
1310
4576
5467
5339
8791
715
1432
17635
22809
7092
10417
12927
1419
7120
13520
14641
13719
1872
4236
1257
16265
828
257
2998
3097
1814
1431
7078
10943
4470
17360
19503
11739
1791
184
8568
7262
3875
2388
3153
4640
7226
6101
7774
9378
22243
7072
3557
3508
191
2611
2982
6783
7989
1468
1646
10366
17748
1835
19924
11261
21348
9178
11910
11033
8941
22892
8697
9206
3321
5822
10532
20336
6893
1260
13343
7114
12235
616
5900
11787
1344
3089
5067
1801
1847
1357
4392
4511
3076
2215
7275
4717
19657
11294
1614
6156
4790
5034
5158
7162
4783
7923
10023
9268
12675
16841
2240
6765
1873
1023
17597
6159
1895
16968
6053
11483
2574
4206
3742
5294
2463
6085
21395
6259
7233
13129
5943
4811
328
7074
1311
671
21153
5675
2106
2548
12816
2327
4315
7090
1989
3403
3799
7441
16113
17333
17859
15426
4847
4686
985
1025
4682
6641
10467
6747
7184
10776
12683
20485
9047
2092
3344
5928
11793
14836
2403
233
5101
12052
1349
1365
14768
22390
719
4319
21902
1151
7638
4268
1209
2311
6573
9534
2111
11213
13412
10206
17402
12977
19441
4776
6630
1916
872
2239
2470
3511
16145
1767
3693
2261
8442
1098
3481
4294
4709
3903
5307
5826
5239
6494
6916
7570
7076
7775
8046
7886
8102
8986
9436
8141
11264
5804
15457
15403
10749
9523
2563
7415
7040
8556
3107
11602
18389
9369
6981
5798
5598
8094
1595
23455
3420
5761
6743
228
7209
2676
15064
6511
11900
2851
11902
5854
19401
2266
12828
15418
13477
12276
3574
11105
1996
2180
19458
563
23577
4235
22202
3639
13426
7869
6669
15824
21272
14020
7671
15396
4016
6077
7440
13481
4402
3919
10951
4729
18690
23143
375
2782
17469
2935
15829
13136
3342
11586
182
12201
389
303
6384
13554
1826
20198
10372
2887
3911
4219
4516
2626
4242
6594
23107
3043
16068
10806
15718
4648
1195
7221
3692
8473
6547
2254
3471
7231
2497
6718
13000
4479
17547
3744
6521
18464
19955
21331
23049
4447
21058
23669
23557
4076
5874
1681
2433
5070
3932
8971
1279
5717
13773
4639
3150
3388
6338
4700
4377
12216
6232
5233
5464
10578
9096
20548
13775
7949
5155
15389
18034
275
4171
11581
3377
791
7609
12787
14024
4720
15710
22056
7355
16520
774
7727
5049
15527
6352
17986
6750
5011
10197
2372
2664
12315
8057
8692
3830
9122
5566
2340
3949
10200
12342
13408
5601
10331
6923
488
6529
7789
714
3399
2184
3989
11923
2696
5548
7698
8857
9952
17865
17472
17326
11892
7660
17477
10281
14799
9991
17251
17252
19778
20508
19974
18158
4405
5476
5909
11947
14678
14075
6127
22242
10399
23308
22821
3611
7048
9892
6108
518
3253
18754
13760
15583
9656
19119
10439
18653
19476
8024
7382
21574
17442
4134
6999
15565
6803
15400
11915
12256
15456
22412
9819
13103
2129
20536
2745
8491
6245
13418
5455
21378
6454
15382
14257
20034
16072
17794
15415
11309
8259
21155
21357
21131
22792
14742
7636
9004
13467
13577
13584
17808
7578
11941
12273
20435
21855
8525
11958
15580
9183
22950
18328
6603
16941
17951
18459
16758
3739
6289
16866
5560
21264
20895
9074
10625
16554
7013
2160
7602
5824
4577
10207
16891
6030
5088
18385
16030
23569
20302
8576
23311
23489
10678
20597
7260
10092
13708
1800
5165
5109
2820
15589
8193
8763
9418
10865
15698
2408
10271
6478
18121
15550
18077
12935
19091
11455
9579
9578
18206
6507
2031
11711
16815
10695
13899
16521
5119
8298
15305
12444
19128
10891
8760
12906
19045
21832
16084
13896
4852
14397
17966
11141
11012
5724
2163
11202
20766
20483
13779
8188
10916
6563
2437
9945
7573
16476
13789
22249
4358
15741
15768
4157
3593
11982
5138
17731
15900
15234
7877
7062
18450
8213
7225
13619
12778
17029
18198
19124
18365
20139
15042
15759
19966
21443
7802
12076
6581
14338
23328
8565
18761
9871
2655
5742
10835
13670
14696
23201
10486
18524
14256
20413
5631
6642
7772
5270
20680
8449
11073
21501
23247
8801
8454
12536
14052
10657
12854
22798
8465
11896
11580
14559
15856
13087
11977
16704
17899
23003
22173
18307
5214
4185
10236
14405
20660
9355
18127
13245
22076
20461
15441
12393
12552
2647
19330
19833
19519
19999
5322
15448
8294
14729
15836
5740
16606
15984
17801
13938
22862
7681
10975
16365
16675
12068
8113
7846
10501
7621
10209
17781
2816
4256
10290
5784
20563
8835
16130
6231
19256
12844
17313
12320
12697
20199
9010
12133
17179
21164
20773
12268
4567
10228
12451
12452
14526
9116
14828
11337
8664
12948
13731
12781
12600
9992
14935
20434
16048
13882
19080
22396
12900
11643
15959
8928
12558
12947
12722
15241
14214
10709
10464
14368
16436
12048
12176
13665
12823
11409
12062
15303
9763
9227
21208
14998
9678
4612
9801
23442
19507
19809
16664
21145
16157
18398
22207
17595
19969
22980
8011
16443
10507
12723
12615
12470
14412
18231
16987
9305
13533
11725
10719
10426
19899
13420
13332
17448
6766
16503
9912
22348
16698
15756
13823
21225
10669
14754
22158
16070
12067
12113
18184
17552
15243
19798
19106
15068
22517
13101
11569
17915
21229
12492
16246
13498
14077
18052
15596
19696
15926
13233
20796
18710
21277
13955
16377
14862
22968
21924
22853
21929
22277
22337
13039
14403
17130
9723
10548
12605
19895
17470
9885
19422
21201
17706
8509
12572
13890
16348
12398
10457
15932
10212
10686
17601
18296
13084
13652
18396
14133
17750
15490
14427
22063
21043
19218
20082
20299
11473
14540
8758
10905
9363
22103
15084
11859
9812
19251
21116
18560
14474
18382
15066
17870
18744
16957
10617
10085
20480
8616
23113
15459
20072
20665
7917
18238
19533
17437
8816
14175
19929
18363
18735
20223
13818
12425
22275
18377
22938
19849
16026
16479
18800
20512
21318
14834
17062
10124
16047
12242
16440
12518
22886
12984
21160
12650
22988
20411
13131
21768
16349
21268
20117
19677
10420
15643
21371
14999
10156
22615
15356
21744
9773
12658
22104
8769
11678
18373
20985
18247
20994
10436
12461
17622
9711
13864
14997
14088
15282
12089
16340
17292
10122
11706
21007
17121
15251
19943
21109
14345
22826
13604
17727
16369
16141
10781
18310
18640
19559
22057
21245
19480
20135
18879
16234
20854
22031
11564
16204
21154
12817
12870
22729
10300
22960
19472
16496
16374
17193
16050
11943
13536
16620
16132
14625
16999
18927
18147
11719
17991
18874
21611
16642
13082
19489
21375
19225
17722
19291
14483
17690
12662
23179
20269
21359
19822
14469
13350
14322
23133
18765
21835
17351
19007
13407
18399
20901
17689
21898
21819
13799
21498
13787
17245
14478
14479
20925
16258
18670
20813
15653
23473
9275-17685
10027-10677
22120-22606
14124-14645
10914-9155
8609-8610
3309-3856
14220-14564
2033-3959
9545-9592
6562-6714
4145-4322
19067-20998
87-1286
5643-7375
8607-9135
101-1285
1857-1880
5639-8934
6562-7484
2301-3178
2070-84
10091-10100
4932-5862
2115-3070
18954-20600
11239-10896
11832-10914
8597-14589
10425-13975
3236-3239
14240-14244
15187-15189
18900-18903
11362-12416
3312-3313
3235-3273
4058-4059
3328-3329
92-693
11658-12065
8597-9897
13289-11567
14244-14240
13249-11158
3958-3979
3329-3366
4933-5865
115-202
6011-6843
5693-7234
12514-13626
11361-13839
15128-15200
8943-9512
10174-11074
9391-9429
15200-15201
309-688
748-2208
4024-4791
7350-8598
7484-8575
18921-19061
756-1222
3386-3870
3118-3458
756-2347
2758-2873
688-2641
2744-2753
4088-5211
14244-14564
6589-6590
9744-11987
3220-3223
13658-11361
14243-14703
14245-16536
20039-18068
9275-9277
3904-6470
10027-13267
3475-3541
16231-15657
5235-4806
4003-5425
22486-22561
18138-18391
4167-5563
8863-9079
13249-13867
15073-15187
11365-12685
16807-14585
3329-3330
18770-18917
17416-17483
14659-13268
16765-20324
22121-22122
22571-22581
22581-22606
10060-18481
8521-11832
18137-18029
11211-11577
4364-4580
15180-19991
15187-20839
11249-12765
15014-15016
12805-14013
7744-7745
19108-18666
18954-18969
8101-8269
18963-18964
7450-8328
2386-2449
11832-12403
9681-10677
20101-19220
4230-5971
11402-13918
22184-22595
9443-11357
10684-10914
6397-7176
18666-20804
10173-10759
7756-8361
5189-6064
10105-10677
14359-15316
13314-8594
9275-9592
16537-16808
8607-9097
18895-20324
15130-15197
15023-19061
13314-15485
14359-14901
18896-16765
12004-14305
15128-14586
18516-18517
21389-15188
18017-16750
9135-8607
15083-15154
19335-18956
7349-9391
11832-14831
11211-11567
11567-11577
7350-12765
15854-16536
19985-19991
8033-8607
8607-8709
14584-15150
14585-16535
14124-18029
14585-14815
22674-22675
13191-14568
8597-11249
20093-20092
10104-10684
11567-8600
10845-11242
16536-18811
18954-18956
10355-11832
8598-9544
11239-11986
22119-22122
10027-10060
8575-9210
13915-14326
10684-8594
15115-18438
20903-20907
18915-20324
10977-12191
9197-9681
18616-18922
8600-11577
15152-18027
6687-7138
17895-18165
18912-18932
19069-20802
15023-15187
11571-11577
18938-20600
17675-17756
12805-19326
16764-19990
20839-21068
12693-13054
18139-17662
15083-16789
15196-15197
18139-18971
13941-13949
14325-16537
13314-13626
18139-18441
16765-18018
11160-11211
16826-17416
10268-10560
15196-15200
18027-18976
16747-17992
15730-18514
20600-7796
16086-18139
15157-15158
22123-22480
15730-18969
17992-18027
22561-22562
15026-15124
13941-14098
22915-15028
14585-10704
13413-13961
18876-18877
8594-11948
11361-14582
22486-22664
11832-12099
15136-17992
8600-13314
18517-18921
15028-22915
22120-22697
16873-14584
20600-22915
18932-20324
22123-22119
16764-19991
22772-22119
18972-18974
15154-16789
22480-22483
22121-22606
19990-20216
22120-22571
554
11666
23430
14138
20029
3913
13687
16651
22985
5256
17080
12295
8215
6737
6616
22428
14290
7220
14870
14109
18154
13250
17724
14328
13107
11533
12841
18613
8795
14
10929
9752
20233
18375
15
21417
1525
3749
11100
17924
5179
22115
16446
18559
17921
20437
11335
7883
594
216
943
7283
7481
3460
6614
8272
8427
8626
9083
8918
8947
9405
8671
8444
9282
10779
12051
12217
9950
12655
13264
13153
12440
14925
16184
16409
16272
17846
17104
17884
15597
18626
18266
19398
19111
19927
20207
20607
17302
16451
21210
21518
21583
21582
22169
8170
6462
20844
12748
16039
3690
8591
16223
18159
17634
23068
22906
6689
17767
19633
19729
16478
9990
14920
12073
7342
5035
7488
4672
5829
15918
5945
505
1116
956
1388
1399
1148
1451
948
454
917
1168
4707
7319
10809
3727
5504
289
2016
2018
2130
2169
2100
1523
11749
4051
1683
3345
1777
1296
2630
2720
3647
3852
4449
2916
3088
4564
2048
210
1321
960
3080
4208
5551
5131
1006
1969
4846
2078
6469
1926
1057
1043
1881
2766
5818
1012
10821
962
1173
970
6811
7652
1220
982
412
843
12166
889
1314
82
1904
14865
1333
3026
3044
3452
4046
1670
3754
4603
1674
4517
2795
4839
2752
6379
7391
7468
6927
7610
9014
8738
8992
8994
9407
7663
9859
9492
8912
8794
10234
10231
10077
10244
10673
8586
10728
10591
10849
12286
12107
12487
13301
13739
14722
12974
15357
13939
8195
892
1918
7338
7156
1373
14425
585
2807
901
1871
1789
1326
17235
1325
6576
1341
6243
4910
4379
5449
812
8378
5082
131
1293
8414
666
2742
420
13506
1383
19815
580
1024
1374
9246
10406
10157
2107
984
7561
9101
1072
1323
1400
845
2749
6142
132
232
2516
8914
859
11085
6753
7893
8942
135
8376
1497
2066
832
2806
23277
1109
957
1579
2097
5272
1058
2392
60
1030
3001
3480
976
18685
23312
952
944
327
711
662
15312
5328
2062
897
2290
416
826
8036
7582
9139
213
1132
1294
1652
7612
8747
7874
10675
12469
16567
11909
16152
6655
3575
265
446
448
365
8158
9164
9701
545
1741
3437
6313
9223
10692
7649
10334
5443
10466
11042
12397
12613
13304
14172
16776
19052
13124
6314
21260
21712
13641
91
1076
848
2964
1241
1436
2920
3301
21895
5531
6580
11151
15923
18013
18354
18651
19577
987
1493
9809
10012
10438
10606
10734
10863
20317
20300
20604
21053
21383
22833
8501
19996
22205
1677
2615
269
368
70
998
306
451
1159
4743
15250
18325
3348
3010
743
2333
2658
3595
5050
4228
459
831
3850
801
2869
2613
2855
1821
7896
10530
15445
6275
867
7497
19447
1503
18526
6320
4274
924
9900
21845
1760
21081
2792
4248
4410
8384
1319
9008
1125
2835
7797
7315
6167
2243
9698
17851
10032
587
1477
1836
1787
5166
8206
1524
1799
1306
1794
7306
12496
844
14776
9689
10702
16087
15462
8044
1863
1818
23098
414
802
9400
3193
1858
8915
4381
6652
9449
1391
2464
3392
3874
4226
3696
16441
6492
6060
21797
22621
7826
12654
4148
3553
1725
13531
20286
5139
2654
219
13162
5925
1181
4217
4513
669
1649
630
1088
2979
1162
12255
3049
10604
23241
7267
4252
5341
2491
264
10982
12028
5894
9575
8035
6664
13627
16292
5600
5897
10777
3446
8051
11651
1752
372
17073
23041
5723
6436
2122
2941
3434
2942
15198
8957
6778
6119
5355
965
1695
1740
6754
6987
8874
112
2853
5781
1042
495
9273
11854
14003
13667
15828
4945
1318
21522
9729
367
6909
10758
8316
4136
3199
2063
584
197
8266
7256
3746
5180
634
14626
23231
12571
17319
12976
8460
5955
17226
3213
2224
2699
376
2805
780
670
9265
456
12775
11709
7537
144
5755
1672
4406
6066
11516
5325
1619
12152
4704
4572
4968
16726
3299
4378
609
1123
803
1046
6400
8820
9337
4676
12128
7097
2689
15564
5614
10689
1232
1164
3941
4127
5038
608
9677
1529
1474
871
6317
10440
17879
4505
2312
4765
20676
20358
856
6368
10267
14959
3734
2280
12616
18865
17401
15532
2281
4031
3443
6980
7201
7037
1776
4106
2368
2285
3637
4417
6862
7820
7930
7507
7367
8121
7666
9497
5128
7215
9620
15921
9121
20316
8993
12909
4452
12078
1705
3030
874
2943
230
869
11911
18701
4095
11750
1303
5413
6302
17299
17055
2007
3892
5438
2044
3623
247
9695
21678
5176
1775
5719
6901
9316
7771
21341
3041
4972
1261
2085
3413
2359
19020
4389
11022
10979
7532
12954
12500
14593
15960
14767
3230
5374
2442
6279
8098
19557
7157
15903
11992
15881
22584
4435
4835
5475
13308
12142
4142
4338
5099
22994
2149
3797
796
3810
708
20073
648
3654
1734
18050
5445
5685
15825
1908
14367
2326
5080
5274
6115
8620
20150
21246
1978
14162
14639
16530
16944
7328
3317
6432
16421
5264
6075
8434
6924
1604
12134
12961
13868
5993
224
1140
2321
1150
8184
10011
4570
223
4606
1693
17973
9360
2915
5617
4209
4307
16824
17340
20744
22263
14131
3882
4474
4328
2899
10329
1052
16977
9311
6857
20594
1912
6182
641
6819
23193
3738
3303
22718
18533
12794
9402
3503
7288
11266
21885
3068
7664
15548
17836
20772
19289
18823
7525
1959
712
3307
12884
3947
12729
5534
10932
7054
3969
11867
7839
9415
3889
1997
2162
8622
20128
458
5435
14772
8079
5459
2540
3943
5953
248
339
3147
3992
5320
3952
3951
4930
995
19715
836
3243
20189
15840
14206
5005
13602
8149
8053
10786
1935
13860
3806
3489
4283
3942
12516
4310
7556
15509
17668
21434
6719
11770
15171
4995
13801
8478
3781
3751
2422
2175
2565
14633
5250
20186
7935
330
3263
22773
18408
19147
21856
20970
14654
19362
4341
4671
3500
4180
6632
12582
2726
2606
6626
3295
4164
9033
9234
7299
340
5260
5319
4214
3368
14944
16439
18053
7310
7701
13579
19056
21263
20700
6660
10332
8624
19780
1360
11346
4721
1215
7583
1317
4070
8754
10188
6398
9813
15909
8830
15619
7470
19030
17626
3636
11308
10313
14123
6982
2750
1455
1462
2881
6040
7622
7472
5367
706
14638
14544
11847
3795
12231
3961
10401
2213
11153
23210
4186
4045
5558
5366
10656
4845
3092
11687
20637
10199
13908
1488
10940
581
15575
10049
19425
9131
17359
22321
13815
14514
11091
8527
20076
6708
16818
18012
21816
10080
12015
9584
11779
1728
12372
17783
8976
11260
9229
9082
10836
9857
7937
16895
7006
6288
3666
12791
10182
8799
12074
3971
7272
19997
10970
6679
22793
16843
8866
21157
12287
9800
6784
13785
13874
13375
13466
19027
4036
12728
12763
1861
5370
4797
14278
3879
19513
8558
4982
5182
21537
19444
6325
6240
8639
9137
16870
18404
8539
4723
14318
14695
18191
22540
6110
6031
3709
8955
18511
6551
5282
11018
8223
6333
3864
20099
9668
6360
15386
3441
14714
3457
7669
19838
15268
7627
9946
11878
11795
21540
4904
2966
12283
16079
7394
5227
15850
10588
16892
21523
19380
10165
15328
5030
6662
5416
6355
8451
7569
7594
4460
22475
7682
9585
16209
6409
17364
11373
11323
15883
14879
19090
18355
7140
6105
7290
5135
7586
20239
13771
11646
12746
14716
10886
8729
10415
11645
20447
23160
13172
18107
9095
7719
4285
9890
10019
2602
3510
6742
14960
19406
6152
7816
8283
14344
11063
16634
18733
11297
12131
7430
23234
6480
7641
20760
11565
11080
12254
11870
5495
11983
8679
8806
4789
9465
11609
22230
9606
10901
17234
16027
3501
10533
18718
8284
11194
1621
12305
12298
15447
20114
21963
13526
2693
7035
14030
17178
2216
6211
22617
6155
18277
17123
15608
14677
14095
13802
19765
17494
17198
15304
17239
20671
17247
7919
10590
10559
9733
18042
5174
5258
8264
12561
3585
8959
5297
13226
12651
15228
12793
8205
15285
16786
5774
6944
8984
9127
18437
7402
10020
6621
6038
12861
6413
13846
3201
5565
17020
7901
10963
21775
2131
17183
15544
13028
7016
16445
6585
5017
9199
12411
16236
12960
21821
8114
3271
14265
8685
14292
10307
7195
7733
6633
9070
16690
17531
22309
23009
18383
19767
6638
8295
5096
9354
5262
4247
8317
9208
16000
20590
5670
12546
11407
9569
3169
5677
7202
8168
19930
11039
18091
11807
5120
11112
12445
15817
19329
7266
21521
16054
5151
6174
16884
13476
8484
8126
10552
11553
20730
9361
6972
10242
13885
14279
12673
21833
9567
8870
19691
7276
2817
21551
13154
13194
5130
5817
8015
15302
14295
19044
18030
19670
20353
5493
17077
5921
7781
7077
14339
5444
12636
18220
6553
16402
16550
15461
13366
11512
22961
12056
7753
9641
10069
15642
13370
5918
4222
4579
16904
23485
4744
5674
12241
9634
7412
12369
18525
5523
16491
19625
13421
16519
13892
19436
21613
5946
10618
20673
14347
20893
12678
20642
21526
7071
7951
16226
14758
13125
12453
22026
20928
20629
9566
12024
19628
12207
15227
17161
17532
11789
13017
13006
13859
13666
7160
9093
7552
15822
13576
6542
14681
7119
7633
4280
15280
10259
10283
15142
3626
8804
14763
15935
7346
10382
12503
22885
4081
12361
4371
12868
6102
16548
18446
9927
8517
19279
14107
19656
22512
20443
12648
13855
9929
13880
18051
22604
10465
11135
12230
20667
16319
3760
11315
13008
12592
16928
18041
13088
11056
11245
15451
6254
19122
11497
10992
12950
9939
9947
14179
17546
9944
20533
7249
22406
16203
6814
10536
22198
22074
5483
16283
10642
21535
22125
17770
13957
19096
23392
15346
19374
11605
12875
21860
16139
18760
6286
9785
12607
11541
14545
4118
20763
12671
14536
17858
13972
10443
11873
17209
21595
13014
10295
21494
14196
15569
13140
12551
12649
9410
16601
20748
21927
23309
23170
16063
6093
22999
11057
16345
19613
20669
21381
22781
13022
20592
8956
16423
13515
10947
17577
12158
19497
18748
8587
18565
18789
13294
16347
20522
23310
11608
15468
18104
10538
19938
15238
15096
9487
7495
22024
16073
12647
17922
16062
16323
17515
13041
20380
16730
19483
21070
21694
16400
19870
8985
18281
15289
19303
17174
20487
22477
10815
18573
14120
20342
19672
8186
19440
17762
16091
18340
11489
14718
22597
15362
11929
13312
20477
21706
14465
16433
19280
9042
8489
10013
12072
13064
21090
9087
18443
18217
12210
12511
21310
11595
15452
22025
22805
9279
9705
16623
12353
8130
7461
11537
12248
12745
13649
16336
13456
23245
15937
19950
16247
20919
9840
17197
17945
13290
14622
22322
16399
12933
16954
18276
14840
16180
14209
14415
17424
20989
7433
14451
22684
23271
22570
8765
18522
19640
19520
17620
11040
22554
17732
18416
12749
10047
22880
15193
12030
20421
13331
20333
11387
16088
9747
20350
8459
17168
16019
21217
21377
15483
18639
13387
19792
18267
15848
15611
21496
13643
14475
7281
18047
18456
17734
11620
14787
18432
16564
12780
15308
13080
18462
18311
21220
10516
18211
15624
14987
12473
12676
15050
13400
16622
17485
11937
10145
8446
20262
16104
22619
15030
17108
13866
11332
16075
21794
14140
17816
17563
12184
12889
14395
18469
16189
22905
16266
10974
23540
21118
17019
13505
19637
14111
21289
20489
21243
17329
20107
17990
16195
13780
12652
10504
12776
19249
21256
13586
16416
18846
12520
21214
22163
12902
13333
19854
23215
13298
14569
16896
16969
13935
18412
14915
15559
23414
14151
17148
11321
21705
19706
17678
10612
21948
19042
13120
19714
20173
16360
13293
21190
13138
13156
12091
14906
15307
9476
17294
17023
14319
19536
17487
16492
17525
10964
20952
20572
21228
13751
20436
16825
14581
18045
22505
19882
11704
14579
22686
21340
20348
15947
13195
19855
14685
14436
17242
16618
14210
10181
13870
23436
21004
16533
21356
21955
13142
17145
16417
15733
22811
19383
18035
16573
21129
17432
19635
17241
17652
22493
16910
19723
20141
22331
14670
12955
13399
13323
22397
18470
17141
20889
20940
19297
13121
19332
21733
16674
18978
22233
13363
21828
16049
15938
20898
14464
15474
14819
21536
17201
19594
19524
13393
19561
21103
20704
23103
19501
19230
20445
13394
15436
19129
18838
17323
18597
18548
21132
21149
22690
20698
21303
23119
23385
11707-15115
8609-10105
14017-14244
16537-16873
10665-11035
20090-20091
6562-6481
13163-13164
15012-16224
16506-16507
3333-4591
9681-10027
4304-4501
20600-18952
9516-9559
4595-7505
87-117
756-2950
194-236
92-1069
3638-4719
8064-8607
117-181
2777-4087
2347-2386
3451-3458
45-46
6947-7323
1855-1857
220-2846
13413-13941
8598-14568
11361-15485
3979-4398
4192-5291
3176-3210
3177-6055
7129-13165
1069-1180
9218-10041
4195-4352
1618-2301
84-143
68-292
181-756
3458-7129
18870-18878
12038-12850
9679-10177
2993-3034
11242-8594
9391-9443
9679-10173
18908-18921
4718-7297
7297-7298
7298-7302
5388-5454
8600-10914
10914-11577
81-693
5215-7783
1069-1184
3116-3118
3034-3176
2449-3458
8702-11361
84-181
5850-6408
8210-8328
3519-4058
78-92
14557-14564
14564-14568
81-84
3223-3220
84-134
15485-14703
13839-11361
18971-18969
8615-9097
8594-11361
14240-14017
2347-2810
81-92
1069-1179
10367-11391
8575-9673
4108-4591
1067-1461
14585-14325
20839-15051
9681-10894
4153-5072
8598-8601
3979-4146
10914-8594
10684-10845
11754-12403
14017-13657
3220-3528
7350-10100
3386-4932
3856-5072
3312-3330
2070-4591
2993-3118
5862-5865
685-738
15214-20558
7163-8735
10314-15129
18937-19335
18939-18018
22119-23190
22664-22122
277-2176
15140-17396
13769-14575
3386-3959
204-524
21389-20839
181-493
3786-4195
524-2993
16757-15058
18877-20122
20324-22010
3959-4143
18138-18808
13839-13915
11848-14582
20837-20839
1163-1164
5769-7236
6074-8746
6687-8101
11074-11545
11545-12245
17257-18628
14564-14244
9395-10217
2810-6074
3209-3235
10176-11239
17992-18969
220-1711
13671-16211
3486-5072
6714-6715
3486-4821
8614-11362
10314-11350
18969-20115
10060-16826
4591-4701
7350-9277
1830-1831
9679-11733
3240-3241
14589-14594
8598-11249
18138-18477
4055-5235
15083-18139
18139-18952
14243-15853
15730-18807
7128-8409
8409-8595
9443-10845
3870-3458
3458-1222
3979-4467
646-1522
11362-11210
9429-9587
10041-10697
1711-1712
2950-3458
17416-20600
2347-646
18139-18937
18617-18937
18937-18956
12328-13638
8777-12119
13165-13942
1751-2385
14577-19025
8595-14552
3222-3223
2123-2559
3458-8409
4143-4932
14502-14594
3870-4820
12389-12767
18956-20600
15047-16325
3904-6041
10677-10105
8543-11959
3856-3921
15028-15730
17118-17513
18139-18969
15129-11361
12586-16125
10894-14325
3332-3333
3617-3815
16764-18890
4806-5235
10104-8594
18017-20535
11357-15063
18807-18808
15115-18137
8398-9097
10027-11362
15083-14585
11769-12696
2949-3045
14158-11361
15051-15072
15485-8595
18017-18895
15144-18807
8594-11193
14243-15485
3786-3313
3386-3458
1522-2347
8398-9681
15166-17790
14585-15888
16535-16875
3235-5787
8594-11357
2296-2378
22606-22672
3870-4145
3235-3492
2178-2879
12016-12145
11577-12514
15485-13626
18027-12031
22675-18882
9544-10696
8808-10888
22184-22772
18875-18877
18855-21389
14185-18954
6631-7615
15166-16537
7350-11249
2873-2992
8594-9743
12514-13658
8720-11143
18922-20254
16083-18440
10262-11371
11291-11746
3333-5402
14558-15197
13249-14380
18971-20600
17194-11832
8613-8777
7158-8647
18017-18915
11357-12514
11806-15067
15048-16325
8398-8609
12404-12586
7811-8508
19220-20804
8154-10339
7762-8361
10677-11143
13918-11402
6017-7357
20324-22772
13944-15067
11832-11848
14005-14032
11948-12403
8720-9576
17954-18628
16584-16795
21807-22218
11211-15872
16750-18017
3312-3311
2120-2124
18808-18901
20998-21117
2449-3235
8597-9274
8328-9210
8607-9681
11832-17195
8610-10894
16826-18807
18965-16765
22561-22569
13314-11361
5039-9920
10704-16789
16326-20516
4921-5027
7762-8411
7898-8607
18840-18842
18890-20235
8575-9275
19067-19069
11360-11390
11357-11800
15129-15315
10914-12996
8720-10677
15048-18808
11702-14711
4029-4030
7714-7755
7349-9957
9391-10914
4969-5090
8599-8601
16757-21807
21386-21389
18571-18660
8709-8720
14586-18144
11961-11402
14585-16600
18965-18969
10339-12975
18068-20818
15128-15138
9079-9512
10704-15853
18921-22344
7312-7484
11832-14243
18969-18939
18138-17663
18937-18948
18948-18956
10759-12404
9275-9544
6427-7374
10818-14504
10268-11658
13656-14899
20804-22618
11832-13219
17867-18508
14564-14585
9587-11242
12145-12016
14585-14586
17482-18767
18476-18807
16535-18808
10100-11227
9202-15730
9155-11832
11196-11949
15062-18990
13267-14240
15136-15063
15216-15214
15129-13314
7350-8602
14595-15023
13989-14556
16325-16598
16462-17790
18922-19216
9275-15007
9459-11414
11693-11694
8256-8575
14243-11361
7813-8154
11158-13267
12757-11402
13268-16029
19067-20324
17790-14584
16760-18441
18137-17661
13314-13915
13915-17992
22485-22606
8081-8328
18228-15058
15083-15152
11034-11391
11158-14244
18577-18911
16789-18971
16757-19068
19989-20582
21921-21925
11357-8600
16770-18017
11210-15871
16765-18896
14325-15097
13272-14703
18017-18514
18873-20051
15152-16086
18969-20601
17790-18139
17992-18477
15149-15150
10677-12416
11035-15114
16535-16934
15202-16769
10027-10914
15166-16600
19067-19068
19068-19069
19068-20309
8839-9516
18240-18343
6687-9512
7138-8101
17416-19915
18939-18965
12995-14240
18965-18018
18018-15080
12390-11210
18901-20601
18969-14380
12751-14245
15130-15210
8575-8613
8600-11350
13918-14325
13915-15047
14017-15166
14584-14719
15028-18952
14590-14708
9391-7349
18956-15192
15192-18896
7756-7796
18808-16810
8610-11841
20092-20600
8256-8258
12514-11211
11577-8600
15063-15048
14432-14455
9395-9514
10794-10845
15083-17992
20767-22119
10268-10422
15166-14586
22664-22119
10818-12693
22485-22664
11832-12767
16783-17086
18870-18877
19072-20756
14568-14590
11221-13413
15144-16810
10314-12390
14586-16809
19983-19991
10100-10367
18964-19296
8226-10771
15114-18988
14586-15128
16537-15083
11034-11249
22569-22594
18952-22119
11361-11961
17416-18139
10894-11210
11961-13657
18807-15154
14719-15083
15083-16086
7714-7349
8607-10677
18808-15144
8398-8411
16808-16826
9274-10446
9274-9544
14380-14564
11354-12996
18391-18895
14245-14575
15152-15871
14017-11961
20903-21450
16881-17416
15157-16809
22696-22772
19335-18018
18018-20324
22482-22664
16873-14719
22121-22697
7796-13918
20324-20907
22485-22119
14380-7796
14380-17416
15517-18969
22184-22581
20979-20980
22569-22664
18896-18939
11158-11961
11361-16325
16863-17992
11211-11357
16745-15111
8610-13918
15955-11361
17710-17792
8377-15730
18018-16765
11832-13047
18922-20324
20324-22118
11832-15144
18514-20535
20164-20235
13314-14568
11832-15129
22184-22119
9155-9587
13314-14703
8595-13915
14584-15152
19061-19068
19068-15035
16600-18771
17508-18954
20600-15080
10104-16598
14586-16537
22120-22485
13314-12996
19066-19069
18807-18476
19549-19991
18017-18917
15136-15048
15136-15144
14596-14835
17992-18917
10750-12623
16778-16840
17992-16810
18986-20558
16747-15144
19435-20601
21273-22100
18842-19190
16083-17992
22952-23138
20100-20123
14585-15730
18877-20164
16789-18938
15083-15730
11832-14582
22595-22606
22119-22320
22120-22772
18441-15154
11832-18577
22480-22486
18921-22183
15144-18138
19985-20049
18980-15214
16535-20601
18138-18917
18028-18391
22119-22482
18517-22123
22949-22664
23119-23385
