20885
10852
1855
33100
2615
26652
31570
30509
20891
38073
34436
25686
11231
17055
30630
32631
4522
18082
45179
19490
18150
29978
12988
10178
35733
30548
10755
26647
34932
26699
7202
35296
30993
41657
2488
19923
22454
30742
4981
19644
35549
553
31569
29979
38443
29330
9145
14162
9707
35440
23242
25688
37456
29734
45426
45587
29712
17897
34892
19970
19738
30819
8886
26419
36937
Root
43879
12768
32240
10926
8641
35019
9010
25838
12947
19981
18940
35326
4436
17770
32827
24726
20845
34712
21477
5867
35529
18970
32497
41829
31081
21445
49419
39711
18086
10803
23309
35643
4707
43824
7742
50697
13839
41074
25330
46028
10379
33338
26789
49417
30981
20180
34650
31467
11908
3671
22751
34860
30666
14534
31282
23727
29897
12629
17003
5125
12367
18585
30985
6800
13130
46317
46397
20222
37534
30921
4407
7679
14116
2631
39899
8999
9004
6620
17529
32629
38939
20662
20932
32008
40607
34349
22570
53715
34732
55249
27855
35740
36421
36834
38189
15047
11016
9481
28289
23843
15711
20198
21206
19894
8945
9943
3257
8790
3870
37953
30996
31758
46316
30969
38335
45064
40078
33592
49468
35683
11055
15608
34733
24140
19491
17385
8499
32282
49823
45022
42894
33323
31795
50011
50612
8789
21827
12876
13571
10128
9380
8109
13533
29411
21090
18053
23839
39294
13875
13774
14445
14216
12047
3148
19916
34755
36417
42624
31470
42549
47213
14561
41022
31102
3513
45152
34649
30628
18269
5551
10765
17768
20746
13082
47879
32351
9696
18973
23229
27767
45314
37371
10309
10557
19489
33701
29919
29770
165
3161
54256
9000
21387
30305
28473
983
31824
30046
21922
33597
36762
18750
2797
29983
9967
30505
27809
11643
14586
18971
45418
30814
19067
38260
38577
50373
49420
45341
40277
44536
13965
55219
31594
29410
51130
8677
12402
49753
21288
1840
15535
26308
15425
16646
43881
29980
29833
21074
8562
8748
34992
25734
15924
30820
30629
28221
31380
56606
35731
28560
56464
36102
31497
29476
30150
20060
8120
21891
26476
27803
5677
8231
8946
40087
34438
34189
20294
37222
7229
34221
39717
15991
21505
31728
18081
29982
52247
38496
21702
4435
14716
6141
33658
518
35734
10562
27040
8405
23215
44931
36480
15173
17286
45584
11852
32362
1165
15469
51231
34094
46927
9400
27746
31568
34954
32178
14084
1187
15326
32421
52525
51222
41083
30323
31597
48536
36765
35994
51135
32950
34840
30235
18860
13008
3544
40472
11477
17110
38797
21601
25446
13200
18264
31936
32041
31729
51137
44289
31368
35732
44877
41044
35327
51729
35135
52917
24696
32695
26890
30653
9424
13587
11642
10944
38417
35024
16452
25055
39330
38118
30090
8306
9895
35632
49058
10412
54361
11479
7666
27255
23400
9437
17442
10827
18852
14515
38910
12266
10869
9698
31339
21292
29689
26631
42720
25220
4085
18113
45371
40912
21468
37369
20097
30821
42668
38692
16579
14788
24918
18197
5078
11768
9143
38142
2940
15478
8202
12441
10585
31727
11982
41813
30438
36067
30633
25598
33229
29721
7612
44921
13557
33531
37266
18746
10621
30111
51590
41291
10357
38287
19237
6063
16465
31371
52704
52703
40646
36478
46605
32943
31590
19026
8537
34004
47359
45909
6360
32765
20879
39962
29128
22112
3060
49272
13377
41631
5274
35038
37377
29194
27196
4615
20745
33551
29486
25500
8734
47469
23502
28358
37360
35014
10123
6616
3887
6460
19896
9734
52705
20521
10872
47196
33847
4602
16587
53902
34070
51843
4411
30331
13572
27812
5869
7819
9417
9863
13488
35314
39590
39919
23153
18632
37867
13580
38153
20277
10622
10445
44173
10150
37061
25139
17299
8256
32285
20972
15051
44640
36828
38729
32023
35780
26156
13916
12416
44832
25685
22450
34820
31096
43213
8724
30560
44681
20931
41790
26082
29183
19007
29373
1795
9609
6797
13605
25439
5001
249
11017
30852
46096
26397
44626
32195
21010
30317
10275
34358
6249
53503
31203
19010
14194
44590
41190
53127
39295
38386
10763
44537
5990
34318
37770
4413
32386
19897
42593
33900
41177
7110
33415
34719
25718
27764
16193
14758
44765
38681
27712
28567
10619
36004
26295
4251
40003
7360
30001
2554
29372
31167
11039
30817
36431
46356
40183
8096
3732
1192
46398
34350
23576
22155
6095
45597
49255
31686
22169
31070
55949
18104
31579
10094
37292
743
2145
32367
6516
6699
18425
31093
44669
32572
18985
27612
32689
12349
34118
294
9811
38594
1834
29233
617
52288
17521
21814
3702
10866
15297
39521
43154
45579
18204
11207
15537
20908
15583
26511
55836
18115
16416
53589
17051
54132
26443
34895
12006
25962
31275
29159
38637
26724
34821
44558
17387
10842
41285
20410
37954
14477
22924
32819
8647
25474
22846
5454
8318
20288
45698
45417
38740
37894
21740
54557
9012
20519
28977
51946
33190
35537
29170
35681
21255
10746
8908
54554
2838
31970
15174
6855
49098
19961
21586
18032
493
27956
16385
10677
1883
46035
34699
9914
26725
38636
38211
11763
13962
53322
22089
7664
53297
34706
13586
12935
21613
10332
4577
46797
30983
16111
57722
484
37884
7062
30637
38316
30368
43027
36529
21305
37268
29046
12268
23250
35006
32705
26121
23967
15
27747
34899
36072
9337
10177
27411
19006
31304
55196
30914
17365
5390
29319
8786
30573
35902
5076
27176
4113
18373
13859
35947
9719
38399
36635
6982
14752
47243
32734
37972
10226
32288
31710
45875
18805
19244
39584
32088
6439
18756
12278
16998
5958
15753
33794
8943
22398
53273
46727
30386
15947
21201
19828
11558
24850
50249
20883
45313
19867
32640
10040
33645
39166
37575
13518
8181
38566
19874
30508
1206
4625
54133
26154
37342
29909
26228
40473
18120
10239
41851
45181
34684
28642
1532
34894
19565
1037
9915
22796
30980
28886
21787
32545
20885-20891
21764
33628
5242
5615
27017
25851
12232
11405
25235
50301
38616
50208
41853
5865
2798
43774
34566
336
10867
35023
7213
48947
41073
5543
36728
13471
33430
33352
30924
23517
25137
30585
26310
35616
25948
19762
8574
30818
28345
4356
13681
21689
35087
8305
28918
13223
41684
34417
20887
35963
29017
21821
30755
45614
23355
7935
15549
44593
12647
54225
26630
11846
38247
28026
46496
30795
23008
5927
11373
23842
28639
19240
10352
57990
50343
4294
19239
26460
40347
6390
32110
9175
45396
47757
7274
6393
10911
17432
45622
220
35121
14874
53686
33902
18292
20520
23399
20178
37343
13893
30101
31683
14947
27064
44033
33311
20543
18043
43886
26115
34666
21557
47074
8749
31628
50048
30984
27589
422
6880
14161
39593
44025
24709
46992
53587
15278
12835
6571
2141
5854
3805
13696
11229
36975
6392
33740
43577
6319
8584
13592
33340
52706
37760
7681
11200
42743
58104
8036
9523
31026
10442
26971
29835
13315
32696
38073-50612
35398
9821
6927
27406
3121
11109
55456
44295
42867
7866
9596
31337
31101
1979
58105
20936
29616
51875
20414
25316
19471
7851
44426
39756
19410
45516
34819
38981
24929
13964
10257
39670
48373
25567
10588
47943
11603
38043
26657
15439
17895
9949
23082
18645
8568
11318
30913
18367
8282
33974
14144
3602
30784
26353
10256
10657
25071
45443
12497
3448
43514
28500
53206
43132
23952
53051
31306
25504
14010
30651
31003
36293
28453
23362
38073-38335
10852-18082
18033
23763
9713
11644
13547
18960
28785
25479
35779
9711
28491
31100
3534
23345
7459
26655
52416
26462
6108
3854
17598
38173
356
4968
33932
11048
21745
34167
46179
35965
33160
25873
30899
51113
33317
36249
42074
42856
44327
37378
37138
14372
5577
26681
41211
36225
41854
39624
35319
25732
20393
31332
6686
10731
30319
34235
59220
14290
14105
40333
43525
24509
10105
19901
22729
2974
30773
25874
48825
26168
38156
33960
37106
14526
46745
59928
13271
9133
19236
1358
35275
26066
18744
39027
49640
14393
34933
24224
42218
30321
21673
24619
14898
16312
43513
14263
18119
7271
42874
8317
11997
15466
20894
2567
10045
47352
46604
35826
2859
20682
41064
23292
31478
44135
22804
35447
29946
55706
9789
52750
9948
8370
11960
19192
48502
32704
37704
18872
43736
43155
31184
15410
17692
43792
12016
38814
36585
34696
27299
17378
37022
40805
26956
36634
187
22288
1100
4409
50790
21513
14267
11959
16867
50378
52034
23145
36233
14931
31002
30702
20652
5788
45568
28410
24831
12997
17918
47714
35684
11980
8992
24150
1778
479
44270
51601
39111
37837
18124
34430
29241
16355
20069
9427
33187
10641
15677
22728
22993
26060
47162
47387
24919
52248
48471
27754
28664
12993
7236
20210
17584
43800
39
563
14711
19899
21369
2016
9952
33703
18366
17816
36374
30243
56983
43722
43112
27304
8707
50658
35325
35017
12564
3566
18998
50644
45109
6432
16162
49360
43628
36445
51491
11835
26362
50043
14663
18468
38027
33764
12335
45714
9070
12602
43928
51430
35439
10042
44924
24639
37948
15798
17383
31243
32452
2933
15132
31373
17297
44401
31529
25433
44429
15043
33786
36157
7912
29944
26562
20066
23020
36020
25072
10789
7833
29307
36540
34702
13237
26159
23710
11149
52151
25650
58103
19858
20579
13521
22259
12213
39318
55550
40952
11747
34897
11300
23243
43547
39710
10591
32350
28865
47303
19593
22065
25687
23339
27485
19579
12119
31933
34165
15089
41831
4603
20665
12151
16946
53446
53986
59430
30667
46724
31181
47442
29841
13927
134
46481
1292
44200
10917
28241
54904
11125
18553
27383
25532
13376
10990
16680
19306
4845
47992
30647
22133
47191
30523
37539
6603
41269
20359
27178
47360
48977
24477
44528
8728
23969
27375
36938
22711
13510
46199
8558
3054
8642
8425
40297
16832
25681
36832
45116
25985
29263
8431
40345
46904
39110
42044
32813
10943
18765
22698
15722
40889
53175
44089
25518
18293
11033
1736
2416
15449
35833
18213
20276
25041
17574
21180
16740
12741
45110
7586
21264
40399
37288
19810
44833
21278
52622
47905
55665
18082-19644
21955
23120
8278
13582
9311
11560
32330
30234
24356
20076
57400
30717
34628
20564
32619
18825
36195
50198
5310
16384
8640
21372
49890
40852
397
28538
6213
53952
10481
6473
10512
20897
27037
5244
15096
28884
48467
47764
30777
44283
31277
58100
44998
19155
33048
29117
48361
9001
4326
18280
31182
43260
3007
7531
9947
23149
49437
32645
29446
25994
12381
39872
26983
12737
1750
37799
31999
41385
9244
38073-51590
34796
24789
36280
2821
11833
23609
41
12161
16941
76
17631
24321
16344
55703
35987
23352
11042
47430
18281
56873
13226
6391
560
54134
57459
1663
22955
8505
21492
7695
4050
10931
56038
11814
419
10802
49624
6227
478
40611
34963
56076
45499
24041
11783
9040
50012
41776
34313
34614
35254
31474
28430
16988
25370
29220
8424
38418
18004
29809
45173
36250
23404
28826
31660
46335
18854
20884
16622
37446
37526
26126
1535
31269
40744
36558
15120
23702
49123
21877
10912
22920
18690
18082-19970
16809
24332
34914
32551
29966
8876
9604
29888
8732
17144
48221
12131
16724
7714
31087
12088
33825
8249
35042
26241
2455
36656
48208
13031
19171
24252
24501
42089
6851
28270
33702
15904
15985
50677
48780
44166
35977
45942
58106
22681
13382
21011
14009
17075
4088
27005
11041
37361
8785
5942
12282
6486
16991
53776
17041
40505
11240
52133
20927
8852
21828
32855
9302
24572
44718
44925
52940
37393
14344
30424
40715
16526
30733
31523
50498
29978-30509
10178-38073
13922
19003
29686
38139
16574
27507
31522
12716
13660
32364
23151
21656
18688
2805
136
53347
7922
18045
55429
4614
28774
21283
22896
24352
7401
47745
595
13980
25037
33816
35022
35027
39490
22470
470
14525
52300
30611
48304
17841
14208
3373
1356
41408
58198
30718
986
13873
9950
11712
10145
51342
8833
53687
8077
54096
54477
30457
49641
53520
20929
9685
41350
39642
13590
34608
25889
42715
4491
4631
27791
48301
23894
47157
41057
33714
21514
35354
35825
42365
8797
44504
5807
28223
26189
40195
43540
12110
37347
41859
28247
24325
39503
32271
37045
10852-11231
34712-38417
2488-10178
54655
44639
3646
47337
14585
145
46027
21362
20868
55859
57718
17433
53242
8453
31274
26361
36235
14708
5081
14962
7848
20127
5814
8493
15203
15233
15619
30005
14196
11008
15935
37170
39633
43196
31139
20725
14859
30492
2722
14617
407
1870
14106
716
54263
12586
35127
34977
58157
9718
20112
3119
32108
37993
8914
35524
6429
48392
15790
26215
39603
3690
4764
32626
30414
49259
45745
16067
10084
38557
1918
12868
23363
48556
32856
46809
47231
28978
14134
13111
12209
22934
36077
11040
56669
33303
23822
54542
39267
23925
49891
22454-26699
22921
22817
51316
9144
38352
24560
36852
1580
2247
35111
35638
31898
20569
2738
56065
54708
21263
12252
32002
44596
7707
22011
3043
835
40433
34882
42696
4193
7435
3239
6755
10689
47416
29080
54140
2553
45080
35304
36300
25943
3066
3185
2981
27430
18335
3639
58372
8828
46112
4358
48799
236
10855
30592
59428
59852
3131
7065
10284
642
48341
10112
55873
39385
34966
34967
21707
35917
6317
5253
53200
4185
44281
11989
13532
49794
9986
23155
11518
41641
41864
14863
34740
20856
3306
13364
36849
25089
35444
46389
13581
50080
31314
48137
34402
11386
9357
9653
14753
23208
5329
35769
28197
36980
36978
45302
30793
55282
21256
21640
37941
53962
17963
13659
14159
11226
44466
4456
19871
31390
32169
27807
44665
1817
45293
44643
39529
4174
22918
18091
23837
33550
8043
23737
36434
30610
3267
42072
5662
35032
21003
48065
19893
12640
58214
2000
7088
18915
26345
38925
513
11969
12084
16253
6192
739
3674
6758
8667
41610
27390
355
51595
59327
12130
51293
24079
11713
30571
8334
34940
14581
10129
27625
9864
20146
45279
15949
36685
15352
40605
49779
23296
11924
55845
22602
10397
29733
49442
33679
22922
13608
5328
40576
29091
20924
23720
55717
29069
27525
56704
16943
23675
14940
10408
23000
8071
35154
25414
34396
24091
6245
12064
37641
30236
34575
16759
33696
32574
23828
44381
28455
40770
36236
12585
32837
21755
38930
27487
37908
30993-33100
27962
37238
8429
25724
28196
27748
28310
22130
12906
42417
22224
11037
58027
37447
33504
23740
14180
22009
45168
9928
16028
9224
46399
10849
26698
6163
35915
53619
378
18039
46561
44505
12250
47674
19384
16260
39900
56074
37169
38297
10884
6330
21957
43724
35030
8216
38551
28929
9157
18448
47489
29580
15340
26649
324
54967
24179
42885
37808
54355
21193
46434
22134
19024
30822
36835
34164
40713
13716
38157
21235
9671
1455
5800
15335
42396
10506
31722
10483
44515
52324
31514
22512
38078
29473
23402
21925
14160
22633
14946
15137
23575
37189
18384
5249
35298
11985
48169
31493
31355
34035
35778
18318
17630
29538
46233
31146
58618
27824
50199
32939
40140
35252
8587
22600
53570
12590
17044
37103
24371
30930
26190
23880
45206
36526
27745
51130-51137
44289-53715
21874
24660
18833
29409
25984
26480
12553
10303
3666
34600
35898
27195
31526
34163
30415
31196
24289
15783
3620
29300
16807
11045
54412
32532
58548
25096
20442
22722
27983
16264
32061
28841
2405
7758
2059
21713
22719
44020
28283
46928
25527
47775
43105
35230
21368
25253
19910
2212
879
3770
49961
6313
5983
22118
14435
59588
59491
12027
59435
31020
31170
44198
22496
56920
10191
1405
37744
14113
47146
48349
25270
40157
33162
3871
43732
49174
41547
15852
38007
53198
26191
35223
5681
24480
25252
36457
22868
21502
40234
10300
10109
52795
19318
18913
21115
34832
34156
37971
32257
32620
35401
39719
52784
17130
14530
41725
17580
14147
14854
25998
38525
46404
9686
39367
50572
10007
40329
36136
20444
23533
33895
12013
27385
49486
34379
20087
9678
50826
19095
10843
26193
26899
44857
36450
24664
30858
9298
31665
38331
52415
34785
35731-35732
32838
47027
15522
23297
2976
29790
21491
21498
39364
12365
10874
31624
40293
11779
26142
21760
28883
32244
5093
25932
36779
11431
49901
50991
17563
12642
18218
25852
29052
56671
912
17577
13298
10246
38853
4616
27201
35025
28005
17340
38949
33767
13907
11072
57137
6778
7592
23783
43511
56362
8055
16950
1946
11994
14503
27181
10247
24441
28627
52833
39658
4550
39579
14051
30823
24936
14148
28168
21016
17186
27057
10586
5021
13126
49868
12240
12045
14108
58326
25084
23318
17215
16453
11728
37885
39605
38107
11478
44352
42875
43968
15236
32286
13604
9710
32394
10957
52559
12548
23782
22553
22232
14040
3387
19359
21176
23513
15185
15286
16793
43705
22863
4304
56066
14359
36504
52742
48009
26850
10006
29344
25032
43140
49264
9285
34234
8915
31254
13791
34898
40002
11525
19042
37002
22536
23301
27877
49451
45974
27374
30495
40434
23425
38894
49439
43199
32702
38073-48947
34436-35296
21620
38977
5079
21950
9264
17188
3436
31188
836
20216
7642
40428
4635
24547
5020
46043
57518
9931
49444
1844
14802
18035
46400
25993
54373
19647
12280
13695
42719
4563
20599
47308
50721
31873
26998
18017
11043
30002
10553
22945
12364
20113
8427
46197
43675
25024
1026
28741
38442
45938
3277
8335
11964
3078
423
34302
52632
29377
50074
35808
35435
46104
19502
45120
18297
18501
59478
59510
32243
14256
55416
6305
6004
2253
50359
13084
10574
21935
55541
49605
52625
11707
15577
2308
54129
35575
1667
3787
34907
35232
32401
18441
26548
5252
17569
44492
14682
41043
25738
21939
8912
14517
44414
27856
46837
12407
9771
37373
15815
27821
29355
8902
2324
27762
45838
26495
41885
6252
9030
16842
17320
23907
25578
6081
2831
11800
9477
43050
6690
53542
16761
7757
13204
44791
38420
13832
20403
26005
33312
12196
30070
8868
51186
35352
4531
35057
12727
33332
30227
14003
25952
34965
43844
15477
46796
32550
56417
10036
6443
41733
40185
32170
58347
10057
10052
18988
42567
25143
6580
37660
8344
26746
24698
7022
17551
39801
41047
22142
39582
18683
37753
19002
59304
59325
59864
20885-34436
2488-38073
26865
26170
46313
20218
46647
22063
7333
15694
9586
43215
6674
22882
20015
1745
7041
53519
57878
58708
55281
14331
3594
36234
33870
46878
30135
5318
34194
45161
45479
42294
40872
58497
5509
13773
9585
4158
14037
30109
38788
10196
46630
20708
26329
855
32725
54723
27393
45561
7421
6730
39926
9951
1083
3029
17830
1360
237
24028
30488
38609
16914
25484
34604
4969
33424
27694
32786
49394
58823
48461
5182
35572
9513
47611
12672
10935
28633
59616
53761
8487
7361
20224
1075
28507
29235
13632
31880
25997
18531
6612
41179
24866
47085
31552
33060
2144
16599
1403
3840
16514
9280
23698
18276
49289
11670
14292
819
7422
21438
37277
11950
50487
1962
2771
31178
36059
45356
45037
23228
48276
49290
46146
11138
47081
50077
32130
13603
41757
58482
50867
53668
31413
40541
31098
40745
16788
35271
33145
30724
9815
49162
16536
28831
25638
35113
28404
53872
33365
23044
1301
4217
19946
11533
35374
6825
15070
47242
36736
20271
24164
52845
46616
41140
44952
15119
51414
25825
31463
34299
16225
9191
28119
23612
13316
23815
22768
9256
37188
27864
44705
31711
22992
42953
24785
28195
39967
34150
36598
32411
23614
38328
53499
23111
36597
41657-39899
21505-23229
28992
9120
48192
39181
46834
55766
57419
55578
57365
12095
15558
3843
16269
25905
8017
25018
49108
16376
43987
52142
24391
24340
25671
17289
21053
26958
33874
24075
8123
14417
16219
19510
30862
42588
32848
24512
3401
45717
15102
15708
11942
17815
58710
25153
44284
16350
36095
1074
49285
34828
49129
18573
56116
39505
1278
26432
17212
6876
17839
17702
23571
20416
30739
19107
17056
15872
15879
13083
45937
24073
10801
37895
47691
33293
23627
5674
31804
35026
643
10136
23728
17329
25354
926
21840
4499
9240
2375
35953
38427
6871
43573
31076
20040
18606
23121
52379
39604
52989
18202
21928
18684
36743
33083
33431
30650
39871
40326
494
14008
8422
6597
24115
12139
36543
32020
26848
21388
52607
10748
31276
31595
19345
31047
11374
48981
39003
26146
12155
10490
16630
38465
14320
10639
45747
5943
14127
5374
7123
11802
39878
48038
12662
44095
56075
7207
9459
3763
15601
11038
29282
38267
18270
17968
44427
50234
34089
24523
14262
15741
21887
8607
27001
35671
2668
14654
45335
23150
29285
26089
29886
38749
45420
24546
33903
33525
21179
15656
44654
48396
29963
21921
22310
29952
48887
49434
31442
52307
36639
26445
29431
25730
14302
41072
38074
9303
9071
18909
44050
28207
18581
21032
35993
5637
16625
36213
34168
23302
42252
20835
25442
39578
48888
37367
45659
17025
36323
11995
45993
23152
16270
38138
21595
30586
11216
38061
22944
31457
31500
35732-35734
10178-29712
51135-51130
30509-30742
6143
8921
17048
27065
3025
47639
33220
12554
45718
8382
21789
52776
16804
22
11797
35005
20698
47078
40392
20326
16165
10969
12042
24814
25847
23239
57488
58210
59943
11461
19390
18519
42276
11803
7146
21210
49997
42272
49732
12770
50544
7486
11213
49981
3069
31587
50438
10514
23159
20461
19933
24027
17018
13256
47642
21751
50660
11769
18147
20375
25017
10961
53235
47271
2994
2953
2140
28271
2811
21912
29892
12689
10478
45494
47844
16904
13537
30648
18164
20516
2132
24963
24295
3022
56600
398
48202
50759
17535
8362
12463
4581
12163
35076
8835
58487
40390
22110
15058
4060
34839
2723
684
21898
23640
41180
8108
24759
5436
29391
16364
38307
47346
27930
14572
22534
26522
49517
40320
39079
28428
50404
6940
45691
44562
10424
8971
28855
26829
12719
2708
6905
28167
35445
11024
9563
4145
20447
21970
7248
36197
43919
21832
2371
35856
25251
24443
31487
21618
31099
36842
20812
19407
35391
16880
49105
30624
5437
41873
3551
32985
3561
18151
11546
19325
36814
38430
19143
20212
49983
35475
37175
53549
14722
24788
25965
43955
24911
23680
14312
19098
26679
11771
40369
29053
21272
16262
8230
9148
14188
16704
24176
11719
37739
34511
22664
38832
59924
31089
29257
12224
7762
37003
24971
32707
13805
37979
13762
34964
10847
47605
52085
28220
42564
36760
24236
44996
21548
16223
37525
19093
46908
17303
17717
39652
42991
28437
31461
24049
11893
31469
37968
24032
34129
19148
34205
20842
45661
26139
19566
46497
46076
58588
58231
29979-30509
30630-30985
26699-29712
10852-20885
8886-10852
18334
18112
19651
21033
33653
42002
31498
3459
5872
7932
36568
39400
52171
52608
56968
19660
9286
17237
17403
21641
10888
16955
8255
43969
48085
12494
27964
17638
19169
23578
7552
12311
37797
38415
9261
44966
41178
11801
45807
7399
23879
12663
25944
21923
57071
42955
24496
11184
28880
13024
47873
5246
2054
3519
42940
53466
268
603
3037
18516
35914
14760
30355
4682
10076
37255
57153
40060
45643
15886
597
4222
4997
18377
14245
24513
22127
35425
15111
1445
22666
12914
302
48125
48809
34531
23177
17451
16435
3575
52869
21202
25717
4197
9680
54403
15044
49435
15509
53020
15317
54192
2517
18172
52585
8578
2035
25539
20081
2456
6294
44199
10051
17073
2676
57689
13639
27287
45157
35774
9444
44916
41614
23655
36371
7128
37350
3404
10532
47331
9179
23658
18272
6310
11521
9803
3180
21883
28970
3570
23139
1235
18602
41483
43917
44376
25992
49659
53229
24570
20607
59722
10841
4528
37374
8432
4368
12403
4921
5961
29718
26174
54586
15863
36143
7124
45059
12644
51226
51391
22190
5394
14044
46863
28102
26258
8718
29675
16882
15279
18536
27749
45564
44501
36909
36091
14857
36277
48325
31934
25860
44538
28236
44160
44587
8858
11327
12923
20086
9827
38325
21636
33419
37897
11366
15546
45343
15686
40869
39272
29840
13573
24105
29324
33367
30372
16049
33339
31890
17578
23852
21803
32180
23144
9398
9849
29093
22603
19890
9002
6051
32093
12787
39081
34805
21552
25503
18558
35106
30250
45804
50447
45087
10410
17200
52345
33207
45312
39712
27392
11977
42666
27239
15538
43950
36317
41562
35982
28875
27671
23216
53707
29024
58672
40087-41657
33100-34892
25686-30548
1855-12768
33100-35440
32263
9446
23926
45063
14639
529
9796
2917
17261
8778
12824
18
10513
42318
24409
27573
46319
1018
890
28234
8067
48280
33608
780
41482
58837
59968
23556
56002
4619
38233
24988
6248
17615
8113
86
33176
43035
46785
4453
17361
45055
26835
1220
38063
5610
5632
7958
11394
27631
18660
37183
28096
11006
23408
35610
44800
53460
8426
45593
32442
8508
16318
44367
46250
48044
26639
25238
27539
38536
6942
8755
645
380
18999
24026
35913
35021
23255
12472
26891
3892
19974
16498
47922
16783
32691
3154
29887
6291
54902
33493
56695
52718
11170
2705
8539
48463
19016
1577
579
35018
22693
35028
18791
11465
13796
27349
34231
1380
29707
20843
54585
10863
6704
39275
29485
1248
48939
18054
1950
11049
50689
19324
17336
19734
40772
5798
39139
26723
57296
22265
8618
41209
24908
924
19503
3927
23681
51970
36027
6078
25996
20211
34559
3817
14649
22735
25879
35481
13515
1986
23577
14041
15580
11499
35938
44729
59198
4755
10090
56921
6854
31519
41213
6225
53239
17713
57871
44285
23555
2496
12241
11547
15490
4073
10834
16353
40583
46860
47202
45411
22704
23601
47479
25283
31094
30583
46658
24725
37692
11190
9411
29997
5544
9621
18644
40841
9231
6055
45391
1978
43479
27740
48640
16125
14017
41815
16345
54848
10688
16666
12775
12167
27361
15862
52354
37205
5266
46695
20273
24420
23551
13172
7319
48753
37782
27062
56653
10066
31303
9051
46920
54443
31919
36099
12345
12843
37122
17113
44907
28126
22813
24205
45452
15861
21313
34099
28969
20581
28885
22946
31744
25097
45518
21190
57866
37659
16370
27563
40056
31052
30671
28662
48495
37449
33373
10910
42721
40702
18387
31684
13879
22659
25731
39164
12449
37416
48052
39614
11061
34571
45301
21791
21279
53075
36764
26769
29648
58235
30580
34130
32204
31619
42373
19124
44970
38038
36100
58975
33094
59148
58197
8562-8641
33100-35296
33100-34436
33100-35019
38073-55703
38073-55706
26699-38073
9004-14445
22454-38073
18150-29330
34663
20361
10444
38436
40907
3006
34193
30929
10560
14219
50503
39225
27576
22497
2523
9153
20231
39086
50885
56685
57120
53173
17471
9202
50982
8549
19749
10708
41400
399
5024
49731
51234
5185
42193
47853
50939
36463
3918
32773
18452
20690
24986
43051
28818
10467
21512
33657
21639
30529
8387
35020
4582
1124
9990
18917
723
15654
45569
28371
21952
38055
10903
23813
48710
49701
46218
23966
17290
35912
44023
53269
59279
895
318
29374
1842
7226
27963
1521
2282
44018
54957
19846
37973
22436
33296
1255
58632
35043
8710
48504
17342
16004
15875
26242
57274
59773
24031
22055
9483
15117
34079
43629
2559
4313
20858
45977
6341
54211
11760
15752
9872
15048
37172
24847
35978
8235
1755
690
4579
47865
42713
44026
4984
35015
8760
969
51495
5130
27785
46968
44201
9856
23236
28006
11019
14153
13193
11387
5214
10255
3334
3651
20933
18420
3357
18682
44428
23028
40319
39707
47478
36531
46115
13524
18005
40637
15528
52039
17737
37058
56072
35122
49796
23890
16917
31746
3683
17533
10227
5213
5369
922
41082
2470
53205
18906
13752
2688
6205
15423
28673
11581
39779
5550
4924
4618
40586
35645
15471
29388
5462
37062
14890
52639
2414
26588
5341
28744
44402
24873
4490
35070
47544
33941
17640
21506
50933
22554
12695
46578
31900
9654
36790
9557
6414
9367
23642
13806
9032
14171
7905
7266
3220
15128
13144
50972
49841
24632
26827
11587
13283
32934
36018
56111
36418
26648
10985
20914
33186
9497
39602
23768
23328
47892
9870
51994
7883
40766
25884
36446
29039
37159
16915
14796
52359
42899
7472
20889
48507
52511
17997
21722
37955
18077
19248
36535
47848
44769
11299
41872
25630
34213
9662
17534
38440
31955
25122
39532
9961
34674
40442
25865
32259
12691
46172
27842
4765
38762
35426
18021
35647
22710
41685
53193
26970
18251
21901
35554
9493
20036
54414
22158
29731
51968
33975
12504
29576
53171
58174
44509
22006
43212
22504
5262
46033
10253
4437
21655
12292
26234
16371
6987
35396
29084
3281
25411
27901
15834
12641
33137
46778
16239
55371
24030
15585
4649
14514
54254
25746
32796
28779
55600
9047
49984
36621
42316
47418
14195
33333
31762
29640
31189
32132
46584
32425
31439
32845
29099
39775
20300
36702
9251
6448
26127
36442
44280
45277
36976
28242
34802
40584
31138
49232
40981
40887
18718
31883
30587
34267
54995
26928
24089
47092
55701
37362
59142
29978-29979
33100-35549
38073-36834
14162-20885
30742-32631
29712-2488
29712-38073
55219-55249
26699-55219
13130-18082
10852-13130
31550
10760
28360
35256
21216
58111
25783
25970
47625
27232
17422
35652
13689
4041
14930
30304
6353
153
53644
30084
11071
16351
51220
53233
15521
29447
10609
43793
14135
10720
37466
18969
13845
14544
23682
31588
30399
1726
9786
46716
28422
37883
8076
48141
30710
57350
108
19704
40759
32826
24104
9724
20215
10770
13284
8332
20389
19854
19891
54159
54555
9727
18312
12462
10217
2865
41420
44805
11718
8538
39361
43524
12995
49211
13612
1914
1843
22634
55022
39718
773
3675
7865
31922
48926
15345
55174
44563
1297
58385
32402
6463
45287
2687
44035
833
20220
33489
25913
59493
5439
5298
47475
29777
54696
26379
17547
40106
34259
34054
20274
17872
39549
57821
3157
25768
10853
19479
12912
15329
15660
18029
40476
3745
29443
18858
43074
48036
2586
48615
19619
26599
32318
35013
53588
10962
7749
10678
37610
2683
6337
11536
18096
18034
49625
13894
9339
30461
12967
13324
50730
56889
18465
13744
42630
37066
57833
25779
6974
48233
19590
14912
31800
38348
56512
54832
7305
6016
45115
1760
22684
18131
50195
25597
44710
45867
26355
4200
16785
34850
2698
20836
32546
20368
56449
4782
26598
59199
19639
48186
18408
9519
11035
18248
7094
35077
17057
31035
46654
5435
8100
44028
38979
45606
35862
26208
30719
15363
52174
30361
46848
47834
51445
1715
2504
12455
29337
1337
32588
3353
17151
24177
5501
14518
4508
50679
2088
22774
1299
19737
4546
58196
37855
51786
4343
33629
35117
38422
26878
26135
22313
4433
2009
1969
36238
33422
19932
3072
37890
55443
20577
52504
34297
24932
47602
5751
10923
46814
1142
41004
19872
28605
33963
24160
45472
40742
20237
44714
11822
53049
4684
32006
33121
9042
53706
15688
54233
10890
53992
1441
8855
29108
23667
22913
6111
52043
11796
38162
38251
10949
44112
25870
23170
38450
43060
13201
4954
17610
53720
11070
8715
13522
53462
17159
10937
18316
31073
1937
31199
7661
22282
23919
36472
48657
11820
59408
10316
23409
10348
30213
10673
18185
12046
13979
20160
19975
15981
11848
14073
19982
36692
11923
37099
40004
21130
28772
13459
35564
9003
29425
25644
10633
15246
21423
14291
10384
25236
26382
28361
11834
39205
31104
43897
49564
29279
43325
14948
18041
7678
42482
7962
35434
7753
13928
49406
49157
40230
9094
23368
15498
51841
12115
25136
20928
47588
5339
38371
2999
27352
44543
24451
41568
49680
41844
34958
16638
17998
44167
45690
32369
39442
37780
25576
40027
14631
20691
30609
45675
21778
57835
53824
46978
51422
36891
31354
21034
12846
47995
12020
24437
14321
43776
26067
23553
33734
20362
9124
54452
29196
16642
43417
45382
45200
17559
39581
32372
33968
21497
13792
42156
39461
22763
48639
38755
37375
50583
32868
44579
43416
39924
38806
37505
33407
34717
58561
45757
47969
34504
40094
58138
58966
32178-32631
2615-7202
29734-29978
4707-5990
6620-10178
41657-38729
29330-32351
10852-19644
18082-20885
2488-36834
10178-36834
10178-22454
6620-38073
10852-20891
9010-10852
9707-10852
49417-49419
13508
12664
19761
49960
11475
14247
581
7656
5714
13607
14259
51070
33260
14928
31156
21878
1824
8927
28166
32403
29694
26995
24578
640
53522
55579
32269
20192
19904
23059
46810
11827
43763
1983
11773
41186
13365
25237
5467
4417
47664
59226
19500
6986
44308
46440
16266
18879
4757
4670
245
8138
7008
24939
43072
10916
12448
15953
34141
24259
29019
50649
19153
1920
162
6833
53203
3340
8962
28298
15504
46103
47363
46530
16609
18806
50574
10200
8124
37427
47657
39455
9787
3924
58133
30128
34218
2740
8846
20791
39902
9027
15551
951
1697
34855
6446
8414
52533
34224
42374
30493
46723
52361
33704
59917
47312
57239
58306
37718
45158
17339
14021
52116
39485
53039
59432
13492
32618
4295
32710
58944
59911
1244
50407
3332
6859
15877
36566
51993
42680
21381
18686
18290
18291
9014
35321
54190
37352
57094
31286
30127
52022
3514
10296
20603
58974
16450
753
1611
6459
38503
18190
5343
54813
14829
38208
1298
32097
10381
364
30047
23458
44619
10900
32785
14380
4830
56532
5294
18002
56941
15196
23001
52612
18920
41357
26873
58115
7237
3791
46125
43193
7846
33839
2026
875
3136
19279
44614
46936
52215
26051
32892
36140
30207
21301
1355
25888
4812
8834
40127
23652
3380
2161
5939
5348
22507
11973
10100
46828
9106
51454
5870
41293
15024
36709
34056
14680
21026
32052
33155
13602
38997
27586
36694
4786
28369
50731
50921
11447
34782
57516
7703
56264
30446
17177
15443
22793
56000
31981
11362
3417
49066
14392
22493
2714
28775
35442
26431
17732
51355
40664
39855
29423
31760
38282
42982
31679
11966
6787
37293
37228
36353
36012
14343
17837
13698
12015
15739
41169
23547
35282
20855
23433
39300
12002
35249
6080
8669
33197
20981
15874
3700
16693
20654
32986
5059
5142
28766
5050
47815
18740
16066
55508
11433
37376
39214
53974
27867
57389
12563
26451
20767
52709
18207
22395
22391
4255
31975
55852
45517
5835
14908
4791
37726
26250
26643
4951
51803
35375
25723
42437
34673
21507
20688
28036
42457
36282
16374
9575
16080
33777
30669
30767
48725
21619
15532
38730
34613
27898
15587
21753
48924
14038
32584
15793
16714
43823
18401
14993
43780
15562
31891
49470
14579
44566
21583
58463
5984
25258
39903
14332
31329
58150
17703
42259
25239
11511
13523
17808
28624
25450
36260
39180
12556
9725
20833
20865
41871
34775
24417
20129
25982
47158
48473
27591
22888
23733
39533
36892
16661
48153
30061
8356
24414
12597
33144
38071
28689
30200
44340
52130
21410
37879
36015
11378
38083
34019
7368
6780
45835
39930
32591
16138
39002
20578
20390
33291
43644
33103
18620
42669
33763
45819
14709
37478
12919
21818
26108
25568
26633
34243
9403
46052
5785
50422
15754
43612
52213
23841
15719
21412
53910
38373
53507
19726
23466
52617
23608
9753
40065
41296
14557
33664
56270
25064
32239
9960
22981
26501
24980
16090
21460
23550
30020
30812
36637
21919
15065
30577
41311
37114
38741
33593
45174
14959
33698
33848
48166
57672
26632
31302
37502
57745
48707
58565
36302
32410
30819-32421
41657-42089
35731-35734
8641-10926
59491-59510
55703-55873
45179-45587
45179-46316
45341-38073
30509-30996
17055-35733
37867-39584
58372-59928
4
53397
13779
26715
12
15228
29133
10534
20001
44497
23109
21758
48885
21389
35357
19673
35654
10848
24690
8479
39636
31763
56201
2404
6440
800
35
11921
20327
21788
20360
5627
29041
30713
34086
26874
6449
37070
58474
59658
58811
20119
11512
54037
15742
17086
18893
21172
48738
27681
10868
2537
19181
8326
43259
2446
6614
33148
43899
51466
50138
54833
9137
38827
55628
13654
5077
2493
4058
6641
45155
7005
8268
57798
58509
1354
54395
48101
54372
35284
32357
32949
37349
25383
4264
20254
15655
36246
16484
33174
34774
49591
4348
46228
13073
14850
3146
7049
48179
47274
55437
52371
4570
19876
49506
41860
30444
19857
6926
20513
376
837
7551
24029
12208
20837
35029
786
2206
4505
38005
54938
54111
37862
1762
5595
30409
339
11182
23360
2751
20004
428
59470
33709
2004
12373
35752
56383
722
24038
30649
5151
4301
12228
20508
3956
26376
2804
5596
3809
3699
5516
52337
13718
56970
48718
51977
51578
58246
7608
23467
51459
5384
34823
10791
3118
1079
830
546
31747
43901
50700
59052
3288
29380
4598
3633
3623
4836
26257
340
427
1575
53294
18996
782
6712
1731
28267
2116
12371
31870
51902
29987
2415
44468
20888
539
19262
14507
34660
18403
4208
17035
4909
861
49047
5155
16746
18404
38214
53572
57408
456
33428
27582
45980
33159
57707
43146
16575
22841
55772
8750
21585
29126
1001
43031
17844
13322
9452
39822
53960
8044
5337
24538
21056
8409
32961
5786
49280
54807
26773
6134
2660
31137
6322
10078
26537
15105
7906
29061
22131
24573
24625
10980
17384
18504
1941
11389
54180
18923
32468
11739
15273
10742
742
11996
8741
16091
16382
15575
42095
902
9987
48560
6980
34363
14254
21367
28893
14505
31438
17549
36079
47460
16762
5973
45093
14529
56195
19903
15685
5760
44061
43061
17245
20034
30359
24941
38117
28646
44965
21102
49894
19572
15305
7246
51479
30593
17795
32270
6193
20286
22484
3258
37756
35812
33188
34517
9442
21974
20707
2841
6824
35842
15707
48617
19515
55731
17311
9338
48092
46648
36490
53582
31816
8340
8030
48800
37164
7525
36101
58758
32898
37723
20786
1359
50781
22549
42840
57641
11196
30381
4530
27109
49263
25369
49389
17391
9670
21045
19371
15658
52115
42179
11074
21189
26742
19293
7176
14707
40346
10496
48176
31896
18968
6839
4680
4730
57390
31959
53129
47490
43819
49438
49645
38413
52505
31050
18992
8464
15501
7648
7676
25070
31131
8051
7625
32079
41759
45378
15140
35690
23538
42347
30900
47827
29165
26259
52494
12625
15155
27787
31077
21466
27412
45309
33782
16664
18048
19267
39525
21564
6130
7212
26626
47138
8394
49074
14664
46148
25444
34149
42254
31520
45355
43963
50562
15936
9388
22143
13188
30982
3270
29539
28448
51245
9841
24268
10638
43651
42742
19649
50594
27534
5576
13874
2816
37166
45925
27808
10823
21240
19725
29262
9241
41989
58470
8879
9887
38652
23844
15876
37805
22154
38848
34374
54332
50197
35510
4422
38372
16903
45126
8241
16892
22651
46519
32597
25846
28188
30226
12643
45436
45559
12372
22750
9335
17187
38928
54144
15010
39296
43769
30616
14513
29673
23333
34191
59268
6335
20483
50049
17227
16037
13815
58194
29127
15122
52562
35940
37947
45121
22951
27618
8780
25866
11145
20902
6329
29953
35320
7155
31969
23713
23503
21051
35657
7837
24191
38091
19189
33067
36771
50631
25752
42367
39260
44398
11637
36253
43073
34591
11504
27258
18295
48653
31604
36394
29047
35660
55529
53833
28931
55695
53215
26900
50812
35280
47203
35989
19866
24039
26931
40411
15609
17728
35012
44584
29162
38492
17446
19281
15057
36449
33666
34854
14901
10952
31965
17112
58407
36056
47235
20554
39752
27515
39263
41442
18908
33180
20591
21996
22581
40305
38802
25094
44133
30787
43613
21424
45244
15355
40276
33860
25281
47896
53931
53409
59117
59802
27384
30701
54394
37023
52106
59276
59449
58803
43726
23195
59434
59943-59968
19644-19970
5125-38073
35732-35731
54133-54134
2488-5125
49419-49420
30653-32110
50612-38073
32023-32819
33100-34992
20885-30993
45179-45426
45426-45587
54361-55249
51130-51135
26647-26652
30630-32631
59852-59924
16372
33626
46007
43
41016
58566
29378
20409
23024
10652
31788
13305
22938
14354
33730
7536
18618
3829
13842
5845
31721
10559
26103
19889
35381
7462
24874
16588
39040
48087
53172
51749
59004
1219
25113
57161
24492
14587
18527
25481
21657
80
24454
33861
46552
24612
30421
23561
2420
42584
11592
886
2090
47307
55850
52046
59537
11668
16549
1856
19845
14248
46114
129
22223
29268
39964
9883
33309
57756
49011
37383
29462
32764
11563
36951
10465
21147
10135
41949
7517
36584
25092
18000
43070
27863
38228
27310
16245
37771
55104
42994
19895
17622
17769
27655
7393
51676
57126
57355
7667
508
57686
25782
50311
1967
5277
34146
58348
36228
10302
571
962
24183
6816
869
48758
1899
15994
36404
28795
7324
10373
6861
13946
6634
4607
52756
50232
6231
15927
6157
8068
20248
38202
59497
25140
36146
257
58013
34857
719
30079
26070
52531
57620
51013
272
17400
18912
48719
43900
52368
57549
54602
34861
29243
11183
40871
13066
12490
13623
49838
58703
1478
8488
760
11708
4498
5089
4415
3255
3211
25770
4004
20337
31359
48733
13451
2552
6888
18229
11466
39653
18162
3793
3706
39527
15337
30144
51207
22770
530
6301
19356
9539
39132
14005
5834
14172
14444
3110
25785
27394
12890
47470
24240
49430
38246
12457
54321
431
5340
6858
39386
3916
30833
37299
2086
4970
51363
46189
39648
7933
31790
29040
49698
38982
14616
19772
50980
50368
12898
43413
37511
18974
21463
34340
29396
41877
2100
4204
23582
17541
20378
23932
5947
23961
17579
6090
28357
26043
3349
20175
15129
24362
13872
36735
3617
30077
48292
12329
19320
1076
26113
36342
31440
33700
33516
17836
35813
56191
59369
58544
59744
53536
43276
37724
31399
44688
35353
2710
55020
35050
47072
11142
49007
7970
4804
1537
46643
29382
14498
44733
28478
7463
19014
19807
10286
8301
33076
53360
16532
2014
4694
7135
19940
39360
33694
30024
49595
58639
59768
19612
16960
5119
42738
43602
19786
19542
2803
2124
15678
4585
44522
1733
41421
1171
35762
7140
23477
15611
43878
55780
11799
39639
2937
54543
42372
23126
43956
20077
8491
33328
38166
27473
13569
21145
25842
37527
24025
28259
46881
48558
41165
30581
16519
42368
52683
50328
31458
48068
31245
7940
39649
35873
29077
29632
34990
12063
8791
9683
38263
16483
13748
33221
8764
7469
27520
21911
28899
33987
49034
45096
55360
40630
26913
25834
55007
21856
29002
2587
3256
18827
29101
18206
6631
26801
39126
31626
25777
54463
22749
36638
25020
5005
32697
50949
15589
11013
39120
11940
16834
6774
24940
22611
15975
51896
12289
5733
34555
16784
10183
42751
13840
25256
36783
42790
6999
10165
12933
13864
52530
60014
11065
35165
17314
18586
5025
18611
48003
23304
10981
51511
19091
44527
18807
26512
39108
46528
52117
38283
25528
7498
18946
35428
12168
15667
18249
55603
10549
56248
17928
9795
41862
24296
11032
20328
32565
9050
43206
59112
54503
48136
24517
33921
41035
37665
9537
6857
20817
23278
12762
46872
2585
41720
6191
37516
45072
50870
7821
35818
38838
13701
8169
49093
28401
20779
38807
46087
22482
18935
4840
55736
15112
7388
28726
17763
48729
9591
23534
46655
15612
44831
41267
54437
40322
47270
38849
29293
30626
18552
29893
29895
11264
15841
12685
34175
22792
36281
53930
27364
50860
8803
32296
56463
27850
39268
43610
23928
49390
31127
24384
33940
15091
37936
46009
33369
29622
58414
27761
23450
24403
15988
19161
20170
8337
8687
37876
43049
21609
54458
19464
29505
5601
23754
21469
42065
34444
46801
17429
13987
12512
29720
35449
19641
32200
13209
5352
36292
17649
21370
27428
10669
37457
28300
43195
27000
34760
49573
5264
48355
9160
39446
13166
30825
27526
23248
19640
32487
46298
50461
29248
22617
29071
21540
22828
9888
46420
14593
45171
55551
27985
17413
7293
7222
24207
9911
21496
42011
12433
23430
18134
44944
25068
58462
55722
19149
11416
19792
42046
34093
16909
54150
14275
11148
9636
29806
33301
46195
58556
36453
12959
26526
29361
44730
14398
45422
33888
26165
43794
30028
37215
29973
35984
39359
57261
44909
18049
27063
41819
23163
48425
34288
34166
31462
28901
50567
45128
41155
17263
29466
23603
15191
20116
35301
38677
13419
48212
47686
49509
56815
11454
53088
40057
33070
27669
33383
30716
53566
48281
21490
22228
30614
47029
47045
33012
29723
9993
39976
26493
31942
21741
58597
56435
8736
8817
28255
51971
16356
33215
29467
25729
25374
37547
34069
31591
46625
11283
38357
36299
46401
50425
30579
35924
57716
38746
49597
48488
31310
59610
59463
47208
33460
53818
37387
36847
17293
49189
50967
32349
14779
49785
43797
56363
56571
20891-20932
30509-31081
55766-55859
49058-49108
18081-18082
41657-36656
35734-40087
4407-4522
5078-5454
26652-30548
27855-27856
23153-23243
52525-53587
31570-45179
1855-7742
29721-29734
20891-30993
22454-55219
26699-2488
36834-38073
26699-55249
26699-54361
30985-32631
51135-51137
30630-30981
35731-35732-35734
21870
44799
54234
30348
67
37074
3524
25885
2514
38758
47262
33809
11875
11731
8709
14045
15616
12395
21692
9198
13725
18294
2220
10976
15441
28160
13381
18780
18059
12370
38
35324
15427
23541
13216
29167
54875
13453
41030
55092
42411
57607
55811
55236
58874
59607
43377
9712
19787
788
20687
55784
21608
46318
14252
10778
39198
23299
8644
35588
2422
25924
37091
20804
3605
25099
53511
16375
7338
21991
15958
5451
21659
22147
38064
38697
32040
42225
15534
48626
27744
31786
25158
44134
48102
33331
30244
23830
8481
29331
20313
10113
33464
20611
7273
36481
15640
19511
43018
3056
56029
925
20473
733
2715
46597
16102
29487
13835
54761
16773
322
21890
37021
27289
55511
7384
9957
29236
1078
56443
52529
3757
1901
2138
55512
7832
34784
1090
13633
10250
53106
415
424
7756
7055
476
12722
635
465
534
9776
34596
59562
38506
20451
8542
319
51825
56354
41342
54882
60061
40540
7356
297
25743
23167
15172
51402
45660
25668
17133
20686
3484
54854
11069
17813
18981
18302
5192
7526
433
15881
402
35551
24248
1780
20849
36797
50684
21430
11227
18200
23918
40413
33213
535
20917
5183
32726
2878
11010
9982
501
11124
1317
3556
8126
14031
7829
9966
9434
21266
52169
53011
48490
9765
6339
13112
12223
3879
37563
25415
42837
47348
23470
53201
54933
4746
2137
47024
11121
590
7544
25588
4728
1276
22627
18834
1035
4279
4567
21989
38289
49583
1574
8392
1639
11845
58627
8065
15253
3405
7028
26367
8007
3235
16299
6346
35341
46107
59261
48121
45743
4141
23180
12082
11067
41112
30785
20563
8053
37846
16603
38311
51314
51156
45676
38816
17733
40096
17401
12001
45487
41564
58514
28441
37224
27569
1952
26587
32685
32896
21658
24722
55157
47693
41403
3894
32355
3200
25178
2820
9327
4089
955
3744
39127
34445
4819
3635
5855
31441
2472
6002
20821
38885
3855
18856
8416
58729
15290
12347
8922
20405
4514
39507
45478
16605
1776
22971
33152
5046
43129
58175
39292
8195
32975
30804
3813
15144
9301
7164
14608
16112
35635
11610
58500
15623
22797
44379
10626
5362
44753
28636
11939
13761
54942
14004
24969
11588
25902
5706
9881
16563
56150
9835
21054
40767
6590
47491
1675
10137
26706
11858
28972
19048
13078
20187
34870
44933
5157
33929
19015
2223
38298
15106
40439
12909
7788
42842
1376
38833
26083
55457
2406
1943
49243
21634
37761
5063
12443
54758
11523
10318
8465
29274
30086
44750
16760
24823
33751
50327
21199
4774
12137
10350
40728
54046
24182
20342
16861
14206
29690
29871
17402
34946
26157
37742
8556
27608
20939
10021
19963
37734
6088
53847
49445
27602
47238
24114
46086
51364
48013
29256
14909
48451
3406
49478
48057
20937
24503
48481
23451
19821
4425
28915
19582
29484
7794
9617
35369
24271
43572
9701
35860
9975
59324
47604
5502
1567
58004
29179
24473
32480
51350
49781
21267
30597
12729
13467
25651
26116
23831
30887
15857
5599
34479
46656
3664
58099
58930
49758
50546
58015
3951
49666
23005
28050
15527
53730
15130
10034
44900
1599
28206
12190
25941
22812
2046
12216
19676
7735
18183
44572
33417
38322
27474
53102
15302
16697
18855
36016
53993
16321
22464
18125
10960
19177
47099
45285
45286
47222
26405
14118
26435
43335
20693
25657
34763
19310
46770
10617
15034
5099
13619
21694
9569
24923
25222
7978
20522
45956
2025
32955
29400
28523
51039
32055
15025
23519
18582
10571
53338
33539
15078
30712
32167
19780
19765
25784
10222
22802
29528
11441
47656
16578
14441
33971
13966
33919
17359
42599
10282
52132
10608
44005
52662
47817
46668
21546
8918
28830
3186
29245
38419
9792
43810
5750
13807
14745
6560
47555
29501
22002
8302
27391
23899
15211
9847
9498
6489
19927
32528
4676
33793
25086
44101
22709
37217
40464
40164
4752
29115
2170
25081
16031
45764
15684
37939
26984
5791
9229
27540
18613
10644
32142
36592
51650
9190
35403
5909
53407
28470
30654
22202
4878
20808
16009
12066
37348
45288
34599
14600
45035
40942
37800
38039
34212
4387
37982
11600
25114
42395
16874
31333
36861
6617
48547
3013
23391
6515
30808
26653
46684
17214
48876
41735
29208
20350
48156
28458
12285
44009
54189
36741
19645
27467
15114
33647
24962
46958
56048
33304
48555
41880
12500
8148
34523
47980
37482
44898
29427
50007
19012
21516
53052
8557
7182
40526
21177
21617
18958
11863
20318
13703
6662
16169
26348
20602
30320
31097
16161
11759
8585
18597
23574
39927
12857
35247
8173
13270
27825
36082
31829
35297
28753
16802
10908
31979
38179
21873
33368
13921
38929
25753
30928
52412
47607
31622
8079
39755
49283
49291
49101
27480
3839
24169
23285
39184
55111
22548
14935
9567
4287
15146
21792
58325
25040
38140
46663
18360
28203
25693
13101
16194
50286
34807
20911
51883
38308
22689
17553
22652
6215
21361
26968
13937
24287
8105
10063
12369
46588
35128
38499
58757
17399
21786
30770
36652
14067
32091
32134
19386
42465
45852
34845
10085
7641
38378
58062
43825
21882
58706
15596
17511
18518
8393
15182
6753
23549
11471
30888
25249
8730
31066
53504
49918
26081
24973
24465
15458
23090
43394
21761
12496
55452
23218
40260
19585
32980
26889
40528
28702
32995
39523
43237
31404
17554
17300
41712
46226
41366
26936
29683
46269
45818
45600
8093
55485
34359
40776
32608
22947
22949
37565
41839
36030
42200
32149
47134
39679
36316
43543
26507
31745
39821
40674
28805
32563
28280
32687
37115
17902
30998
13300
36071
42228
41463
24231
37448
44296
22948
41028
25077
26408
23104
24016
39284
36085
18343
8978
31311
36808
48362
46257
37346
46467
38261
19031
38235
34578
21517
58804
24662
15906
56658
19522
32111
17823
35765
43152
48769
22915
22513
13469
28755
9154
28902
10360
38532
48857
27908
25530
55156
29972
22060
25166
24798
30676
25445
16620
29656
52929
48444
36240
46105
29998
22867
14213
33509
40497
44770
27042
31051
21358
36118
32409
21212
44039
34602
38715
36357
47043
50683
28095
43545
22384
37915
40901
41288
33414
41372
51143
27132
20161
45848
52960
39316
43982
37981
45381
59693
56392
58865
53519-53522
55578-55579
32269-32532
48085-48141
57722-57990
30509-31570
35732-41657
42696-43105
4707-3544
59588-58198
47243-50301
52625-52718
52705-52706
38335-38073
8748-12835
42089-38729
10379-10755
35734-41657
29712-22454
45064-45179
21821-22570
4435-4436
6699-7459
32827-50867
34932-35683
30509-30819
9004-10852
54557-55949
8641-10765
2488-22454
38073-55219
38073-22454
29712-26699
26652-30509
2615-4522
8231-10852
30509-31470
18082-18585
26890-38073
11231-18082
34733-34860
30111-37948
20885-21445
23229-27406
38073-45341
31570-32631
38636-40078
31569-31570
58198-59325
21314
37598
33556
10886
40223
24288
66
2268
2494
35775
44498
23559
32735
33278
18385
45721
45132
25659
28347
49400
26992
10710
46940
34140
28
1534
647
19319
14174
23584
44610
29847
46248
26086
15706
12101
22884
10589
43065
20307
7659
20364
57969
58030
56152
59235
6100
5464
56
23245
46977
1245
42106
34343
2882
23146
4787
49267
19462
22098
34439
17727
17420
11659
1692
7537
7224
5065
30507
13406
27529
26300
22766
37089
45195
522
3565
41506
6737
44837
48730
54587
16176
8867
54756
21476
2957
15614
10779
11825
28162
3878
4910
34314
10978
41192
19843
43324
13168
23087
7268
10305
13579
12358
23904
33872
146
24558
779
20896
11057
163
9774
16854
43209
2818
2350
42116
49004
466
11878
33778
10162
32235
18156
25173
48370
55658
19636
45269
32543
18529
20079
12894
2954
16516
52755
36645
22485
20448
919
384
55630
2272
2761
12893
31145
16859
26734
15854
6862
1008
9422
8041
334
264
298
17380
28013
3155
3347
40919
27047
25845
1890
54068
293
26064
45146
56902
59561
59312
59930
14007
53012
26999
5385
59914
514
29001
50183
38295
50134
59128
58533
58912
45283
11562
44731
1390
11628
3026
7745
14114
54859
13257
6467
22650
35239
58242
57307
60055
2389
48699
353
58499
490
55943
3470
7988
20228
3526
44290
663
11179
25894
51193
54954
52372
15357
39307
6262
17696
893
38768
2679
2346
19957
13020
58253
3672
1608
19860
51635
12366
53244
10674
552
3086
26543
33651
10124
36536
1112
25683
2942
12028
746
5359
6423
56989
55682
14109
1703
43523
49375
51431
59671
5986
11350
18347
540
829
12398
22180
47135
1758
13847
18596
24840
20562
56604
24989
37949
52366
6562
15564
21556
47282
1584
19990
7219
23370
12858
2711
38630
5457
42674
2351
20419
45057
38082
980
6316
426
2995
28382
26613
25755
47141
432
50259
30455
25169
12314
20269
42836
1038
54681
43302
56297
10653
32488
17170
38145
38150
39420
10362
11609
2233
57268
11185
36370
12608
7046
31612
6365
961
1738
2849
8281
39037
39152
16596
33093
25609
16984
10382
20676
52526
19679
2089
35200
38613
3089
18069
2013
6076
34594
38538
4026
7383
1612
21793
16837
2951
49477
58878
1174
41575
27032
14527
32788
39109
5629
20588
562
17161
34921
5313
38243
23049
17240
1629
5331
20428
46491
27894
42073
15084
5618
34558
35615
16075
34886
16547
34397
14761
3057
22201
7366
44408
24227
7372
5585
12076
49563
1357
2328
5203
1666
7670
34421
34709
28130
35073
18453
654
11393
14288
5743
14231
46249
12875
13554
10049
54695
35437
7047
21918
3450
16454
20892
765
16645
17226
36139
4070
9232
13160
4697
17376
12758
30411
52221
19191
37597
981
1900
48126
16751
52156
21951
12809
27083
30078
35528
58041
25781
1825
2675
6368
43141
30130
4739
47432
51594
16698
8624
57879
34610
55984
9021
25995
26483
34813
19814
1070
25007
24298
11105
32759
1081
53065
15883
6490
3540
7326
51487
7283
35776
13371
55372
46167
50768
23590
14310
41923
55368
14190
55381
18381
27373
23766
17860
26550
17856
21685
37748
40014
45955
19664
8252
28824
40975
9831
22390
45104
45979
14666
12386
45900
45800
33381
51098
43574
48946
54949
43109
34331
1205
22264
15868
28799
46626
23531
42264
11385
25833
23846
5613
20799
13495
30997
30845
51807
15052
16506
15592
42484
20580
3030
50962
23329
37291
11265
27697
31197
10320
6751
21253
32930
43079
15147
50674
41458
31899
15969
20038
18365
23645
43274
39135
45798
6325
47260
58911
31053
22692
33804
41893
4128
4008
13584
18865
55141
20017
38437
12158
25359
11424
35964
2314
14522
58102
30120
29706
40388
48868
42923
14018
48209
12819
46576
8451
50315
8894
18390
42099
16265
8961
9709
6809
32228
3915
11140
36208
22333
40125
26004
28950
26281
37296
49281
29836
14577
19203
32380
43131
2106
7056
12128
38535
27897
14519
33632
11487
31564
31872
53117
46174
42998
24743
8573
10244
54464
59727
55644
18042
32559
20213
35126
24185
5624
53773
55487
52540
7428
11762
32719
15099
19046
45884
43291
28244
13033
14867
21643
58308
51149
10840
15164
26282
9750
51205
9314
27784
59834
36415
11355
11331
30627
19827
55500
49549
19767
32794
4893
10733
22707
24568
46019
38181
18467
9810
16212
20571
37721
43575
51703
38272
36361
13843
36181
40052
6827
20601
17777
19218
41661
13447
11232
50854
15231
1977
36862
14784
3391
11986
12796
18123
19373
30347
50381
14713
17564
18245
56247
27251
38518
41312
11404
23009
10210
19108
3772
38446
43962
7427
18745
25907
41970
40641
46347
26354
20037
59536
3869
4666
22604
18550
12627
28821
15765
29135
14641
29296
17880
9704
29097
42083
37675
49704
12878
22007
43970
43551
37372
34209
7061
21025
23326
24003
20774
13733
28331
25473
5823
12948
39832
16921
25210
45573
16348
19132
18268
23827
19207
10375
41538
30612
30282
43349
19581
31236
10913
15083
13297
35198
38397
9239
14555
15372
17760
23912
10365
18070
45712
33269
39616
37154
44949
37400
47320
15704
56336
31432
37602
41263
11920
3170
24476
35629
15079
45761
23588
23210
23181
3637
27221
10179
54892
28318
29283
29482
53448
25818
42113
45033
26680
14556
27356
20204
27860
11626
12255
54231
39621
12669
22835
25890
10892
23017
36997
38721
7403
7406
29469
42714
20184
7559
43186
5260
45393
27182
28846
18657
16354
54910
53537
38847
54105
17153
26989
16218
24445
23509
14957
16226
22179
29915
21859
17548
43757
25908
15803
21768
14686
16401
12202
46912
30220
5967
40075
30044
28070
14937
28159
10786
16523
20423
29845
35550
22734
26079
16996
11044
24134
44470
25129
10018
54840
19885
25661
18735
40529
37611
10965
48720
25098
6570
46342
37983
33241
12092
14345
40301
25751
5410
29555
6062
32053
54689
28610
31434
23290
14083
26109
15376
18687
56176
37241
28412
44397
29223
31931
15945
44565
10260
8956
36198
16379
23160
34473
13465
4438
36720
39142
7258
45919
17655
22805
51438
48014
22261
22823
24276
46073
9069
28516
26488
26373
48296
13527
9139
36944
30726
17552
30646
33341
37135
31090
34057
49107
41423
22525
14571
28616
51423
18911
40294
44915
28933
11751
47464
55101
12572
19056
44332
27417
52328
18857
30754
13477
52185
34626
48035
21475
11189
23489
16662
39091
35753
9110
7275
10333
33791
37737
24499
49330
18951
31305
32378
35213
35212
13611
32477
13498
37460
21132
31782
33497
44785
55636
9538
53471
43030
27080
48572
11212
50953
20784
16271
28537
19778
34137
22272
36845
50023
49352
35836
21284
37829
29192
23647
39854
10515
25296
45424
14706
23064
23991
25085
19050
21710
26569
23205
43639
32241
20943
39365
28780
38250
16777
38524
21473
34119
26244
19180
39860
9080
15157
50382
27793
52273
16131
44015
38301
15931
32534
32156
47061
47388
23175
44852
24644
12934
36600
29217
34304
49790
17461
56402
33911
28951
43197
16492
46780
40199
49607
29548
17358
25541
15019
39675
52633
17241
51836
22919
40354
45964
39936
24196
18161
30147
55442
45196
54743
14989
46686
9217
30561
16515
26521
41993
45632
36525
31412
56511
38395
34902
10341
45429
36237
32547
20188
38523
37896
31198
47272
52038
28962
37413
24912
30954
43433
27290
14039
23101
34638
10185
45688
27105
16858
39965
39761
43390
31472
41306
28128
39140
50938
32192
36485
59900
53008
31783
18338
38625
44632
25282
58886
31565
47944
53703
29968
49818
24453
36712
17628
17068
52691
48713
44813
45135
26504
44113
51969
50661
38490
41734
52600
42755
39203
32343
43404
52597
36045
47075
43990
39134
37558
46596
59676
38800
57592
41509
57586
58139
55859-56065
42294-44643
32631-41177
3671-4436
26724-26725
14216-20745
38173-43525
41851-41657
25685-25686
59327-59616
15326-33703
44536-45179
41813-43824
25686-25688
52706-54256
40345-40872
9604-10150
13875-14617
2488-45341
26652-33100
38417-38418
30548-34436
30630-33338
29734-30509
14752-14863
30438-30509
33100-33592
44877-45587
4522-11908
35296-33100
2488-26699
8562-10926
29734-29979
29978-30090
9696-10045
54557-52917
11231-12947
28567-29712
10178-2488
2615-9000
10094-10357
2615-10852
20652-21922
9145-10852
10852-13377
34932-35296
19026-21970
11231-19644
10755-10852
41829-54256
44877-45152
8886-12947
18585-19970
20845-25439
34436-34932
30630-31579
30630-31282
41829-43824
32631-33338
30742-30820
59928-53761
38073-55703-55873
34271
33111
44775
1260
32037
12684
38761
45567
14659
17034
18480
34904
11930
23406
9115
31341
10883
14675
47060
3297
20379
39746
20221
20330
7322
34100
33
17766
40048
10155
7775
10603
35498
25078
11334
22741
12657
23661
6683
19197
30059
596
26950
53413
57289
57937
48721
57031
59397
57086
59003
4172
50
52848
43269
2439
8502
40780
10979
10676
880
7244
23251
9429
8321
49160
11317
15849
30166
5149
39807
26061
18284
13650
26676
51021
96
33032
12030
27971
27564
42995
46181
12210
53671
106
1991
10349
19449
18747
36775
46717
47353
39745
52279
49533
57696
56503
34637
24615
49219
57156
5117
17120
111
113
4046
5592
18796
2281
19230
6949
11520
6405
5186
40465
9652
9959
2029
28791
21238
42092
135
31222
33308
13203
32003
4633
20312
27090
30486
53766
23567
12895
14028
5389
19991
10697
32408
21969
20355
40992
26279
52714
40628
4634
45070
19477
38034
51745
3115
3245
40259
58486
43149
19418
24848
57197
58608
59703
805
7668
3330
6234
16890
6962
13567
3362
24975
21105
580
194
266
1105
1080
37270
13164
4892
53454
25632
1980
6465
43320
34229
2242
17503
34223
33690
45074
46006
59310
14243
223
51172
3828
11047
2041
35745
35751
27456
58521
57930
59967
9568
33047
1828
2107
3254
53195
18178
420
49575
16803
40090
15746
57372
58925
50729
30472
29403
29011
13012
7985
1347
27942
59975
18491
47800
7682
10635
1891
261
12667
21570
52015
787
24811
3151
31706
4466
1296
1672
20205
43986
48918
279
57611
2353
16916
7053
2019
43694
45989
4622
34494
52506
58250
33310
2065
11987
8649
18445
40991
3583
5665
44216
15593
5773
36203
8959
46246
401
4621
4971
9077
1349
32863
19304
4930
22367
8046
27136
25800
52563
480
42270
10854
2968
5495
45305
1848
14289
7811
4761
35146
50841
38905
39596
27378
50393
31699
9088
39740
1286
22126
32467
820
3236
613
9917
532
10065
19442
363
30021
918
4198
14744
15563
17404
3423
21341
22255
35699
44430
54926
8708
13096
45058
385
31364
18247
34501
4246
487
12491
27224
40521
6757
18261
20292
6195
10037
31987
22703
4794
18568
19263
7238
24675
5212
2109
16543
34190
46722
8929
605
1195
58876
3734
6379
7214
27662
10743
750
16044
25915
34677
31486
22031
29959
42456
6293
17248
15911
1788
940
52175
45203
5968
1992
41754
31301
22064
9371
9370
55759
46229
43973
13464
44851
48671
14338
40214
3252
8967
5742
4906
55397
30506
28490
22694
2863
57873
9717
33890
46681
19576
12798
9213
11243
12117
14240
8827
24583
27733
19717
1077
714
21148
36156
18497
19622
3983
20197
23110
2152
3910
13368
4450
11662
34871
1449
9140
6557
3260
22717
5862
7705
48538
1057
4641
11527
5044
2965
18078
2571
9837
13865
16617
13001
34153
11616
28272
41281
18986
20860
2612
24010
52903
11228
15571
564
15880
34247
23231
20357
17431
53298
583
23953
9919
41858
5723
38725
17363
9365
9414
19943
12393
9669
18084
5433
3652
2770
30117
17778
22782
50033
25363
28592
33981
31400
619
24858
8206
41279
3433
33095
23496
14177
45358
16103
10820
36326
3735
46430
1863
17697
1129
3460
11103
713
50360
3287
20278
49016
9559
6374
16089
5597
7125
6550
12822
9456
1819
11396
16396
8944
36501
33210
13948
1652
42459
4518
26590
25463
12750
6718
23829
23016
4613
27991
2914
4101
816
17310
17152
10079
35899
11951
28376
20991
33142
7654
7127
19755
37766
23581
19072
18263
22192
6128
2509
37191
7163
38148
32121
22609
11178
30233
20859
15378
9249
17593
44375
24042
8873
39133
1831
38154
29358
3447
45791
47798
5235
19855
39536
4126
5999
35717
51412
43608
5537
4753
22309
4828
5052
20494
28982
26360
23364
40073
26044
2096
11379
1310
13404
5239
52885
56700
31006
35606
21146
22167
27199
7282
26401
6223
8263
13896
4661
6469
7960
15407
44720
12471
10098
29543
16534
30434
40840
53333
32223
44620
45812
25111
45903
58736
46984
47858
46079
46214
35641
36003
45387
31779
44636
29460
31577
13513
46330
26011
46293
6299
14274
20415
5703
29067
52090
33896
50030
2775
51176
54802
25341
3300
58005
49759
34145
9588
36248
3508
45581
45094
11795
13665
50956
3308
7148
13768
49367
3010
20174
37193
15454
16402
8496
25720
32217
21480
29577
16168
14748
23275
26253
4594
20093
32190
34868
57481
57729
57563
6650
58396
25778
7395
7295
44561
25867
26224
38631
14212
16757
24889
1406
6913
46026
23219
3504
8862
19875
46718
14714
13628
46098
34996
15933
57970
11794
29215
26784
6830
37068
17397
35078
5123
24334
38589
9142
13664
2721
10369
23277
42698
56419
9333
7420
35921
8336
53955
39042
10204
54789
5006
14601
18514
52074
11832
33773
43355
3753
3580
42769
21178
6743
8127
12124
42672
50974
9031
4551
39668
30118
9865
28145
27642
28743
24118
29188
19038
20941
3874
9193
12450
50097
3833
19348
22239
43848
19958
23641
26826
37290
14295
2939
55496
6015
19584
29947
8284
23795
14657
54126
39372
23941
15366
6384
7765
24427
20512
20658
39337
35667
13882
4604
48393
7843
46016
8286
28151
48765
22438
31849
7241
9631
23762
4662
15830
3489
34844
19441
15107
15409
49175
8609
25218
27139
8866
17557
27859
12571
17107
21954
18661
12638
3578
23593
41370
9692
57042
42439
33408
38280
18301
25774
26642
51010
37308
28057
13013
59301
59552
59647
40507
45307
36670
54515
16733
18168
37555
47006
18794
47595
6887
48813
38567
41326
30748
51455
4108
6187
21836
36359
26289
19412
4194
13951
18389
57144
24887
58161
30553
30384
35362
2370
7818
24120
45853
24746
51281
44776
30098
5346
27584
2549
26542
4334
31773
13177
40726
21422
23050
31288
6745
21929
51340
53038
17077
10661
18710
31680
7141
47847
13383
17302
23946
21612
3481
2261
39328
10973
16796
10831
19311
23665
5007
11325
5338
14122
6981
21391
43993
18223
37738
30903
45492
5211
8623
52233
21091
48283
38182
38704
17817
35334
8831
5866
12816
11538
18296
31058
23492
41359
32115
16640
26872
30057
20890
39257
37851
35446
26255
36358
38998
44010
36673
15064
24581
8548
11397
23522
4678
10540
35597
26433
10933
36278
14184
15701
18239
55438
22523
25346
10232
26262
32670
14961
44796
41863
16885
42375
41282
30805
34136
19736
11601
27492
8689
21214
12029
27317
24601
5268
18995
51597
7508
6581
25950
21863
10182
12313
25165
37057
21900
36552
18075
36689
28521
18930
30201
38045
41264
29405
23227
19483
27322
7909
26712
27069
16958
26868
43931
50903
46657
16948
15699
16851
6642
52251
5480
41876
50603
25091
32094
6279
8269
40988
36270
54039
59885
22339
13448
6740
8546
9909
25903
39806
11505
21066
48278
10695
33828
22923
47894
9091
35966
22752
19030
39301
21285
45020
25406
10511
9363
10675
35997
56564
26760
19087
29590
11234
9075
17269
33622
17163
36979
22212
25029
35312
34309
38062
30218
29508
29938
23426
36375
7270
17080
25877
6528
33483
23725
32366
11957
28787
42936
41393
48967
19092
8608
23539
15675
28756
48898
48871
10035
19838
15414
15895
50386
21322
17870
21338
30303
39922
31028
38818
39270
17646
43388
28823
37865
10500
38674
20185
8510
42043
45056
53956
32872
13647
14820
40606
35385
3558
57993
36497
58271
30598
32849
20394
20875
42912
45662
43798
8081
15417
19432
53825
25207
21095
48785
21875
18758
9979
14902
21310
3820
29758
45727
44313
15459
36086
50064
14307
14329
33964
24774
7134
22433
6792
56131
22706
30686
45210
8744
38990
14976
19819
58023
55716
10156
45385
44978
53651
12180
41449
7281
28193
36486
18016
18989
7129
5015
30225
20850
12861
24449
15965
36836
55806
16261
34595
55069
19461
35342
16951
13005
18364
23699
35251
45263
15695
21331
44341
23417
15948
38077
28161
21759
29118
32196
4488
15183
15263
8058
20232
20021
34708
50399
13489
33506
23542
17210
11357
11882
55960
9185
49380
15382
56880
31796
34233
9939
30902
18484
48489
33135
7054
39158
29035
54325
35187
28056
23445
43426
19732
28598
8910
54822
24860
12665
49905
38337
34237
20336
48941
23092
45018
57493
12976
15136
27649
44927
7558
28539
10897
24471
55782
4805
58412
24603
26538
22341
39876
28429
5940
41713
20159
9619
54480
10371
36244
33018
22030
23346
14480
6643
33448
27557
24787
43761
5694
29969
6150
7496
12561
41565
6776
41886
45404
33189
23455
37567
15896
27751
49073
33461
22387
16752
25424
27457
28552
22758
14960
28614
35141
34754
42906
40039
29139
51163
15710
21735
27129
11438
34542
46359
11155
26392
14750
46210
17759
46875
23353
16841
22050
38042
25004
31300
34437
22790
47455
36640
46013
9842
24520
38484
10409
36998
39349
40312
37907
35511
35770
21700
26386
46416
50648
16189
45637
19934
38488
25347
46602
18442
14903
10005
36633
25810
33540
8823
11905
16887
29038
38277
31297
26516
12709
39399
9045
24872
24056
29965
18676
36599
22775
41883
30364
10451
14459
11025
45303
17596
38682
11574
23249
17234
19661
39291
28938
27973
44335
14860
19675
29762
23004
32305
54255
8170
15276
31732
11766
41026
46941
20186
18961
49122
36475
41574
30655
51403
24055
25066
21607
11215
32333
31225
23579
40222
13516
22814
25961
30578
35008
44264
17688
51984
35979
17221
23247
7675
52723
38192
45176
53054
17097
32182
25343
32361
26068
29623
19029
20487
49703
8313
7768
20241
22207
15515
29644
59111
30608
28769
17594
28336
23325
14952
9450
47193
22230
22219
46311
25048
32342
15999
50212
15234
41202
28297
34158
23258
45308
32997
9809
14704
12535
24348
54137
46823
41833
46344
43396
22176
21830
43347
16989
52855
8688
32044
8726
36060
23826
18832
54626
32699
49323
33583
52690
24756
36081
36058
31508
30370
32889
40536
10370
22654
48782
29956
51945
23674
17835
28542
29940
43205
58380
31105
44982
24216
47836
18569
49616
24422
37051
22124
46937
15436
16786
15076
13185
20651
43772
14569
25798
56172
32657
53080
44105
34101
53104
35783
38940
53044
53853
53583
30625
45031
50116
47959
25497
29328
41997
35432
58362
39193
41094
58095
29942
43405
41572
31585
26580
42794
31941
27131
34484
50911
37105
33910
37403
30953
52311
23596
38137
58700
36013
47629
42913
16104
45769
31956
42086
32420
53929
39588
30892
49161
52986
22246
34395
38141
39128
35217
19518
48239
34338
46562
44581
34759
31080
33089
18097
46554
24792
27888
34185
49523
23560
54853
28127
54409
39594
32458
54717
21038
51252
47038
38540
37934
40716
53553
47997
51549
56312
49005
41510
38046
58993
2615-9707
5990-11016
32285-32364
42720-45179
35529-45179
52608-53347
45587-49444
35734-35731
47352-52034
15478-20180
35022-35027
16028-18373
18373-18553
18973-23020
40912-45120
53761-56600
56600-58944
553-2631
39899-41657
42593-42696
49731-49732
41657-40607
25316-25539
51601-56606
10852-13774
26647-31570
30548-34649
32285-32631
18150-25838
53715-44289
49058-52917
52917-51135
30509-31729
40078-41813
30628-30630
2615-5274
8886-9707
38417-38420
13008-20885
30323-30509
24321-25500
10178-38335
38073-54361
59428-59491
41829-52416
45179-46317
1855-26652
21922-23153
29411-30630
16312-18119
49468-50697
6620-29712
30814-30817
10755-20891
45587-47359
52917-55949
2488-29712
2488-6620
10178-26890
33100-36233
38073-55249
22454-45341
55249-58174
5125-26699
30548-34650
2615-9145
19644-20885
23242-26631
11231-20885
19738-20222
11231-13130
10852-19970
15096-15583
30509-30981
10309-11803
22454-55249
20845-26789
45179-45314
31282-32631
32041-34438
27745-27746
20972-23242
30509-31467
35023-35025
31569-32631
39872-41725
13580-13586
30629-32497
26956-29944
10852-12947
10852-18081
19644-10852
10852-14445
10852-25330
17816-18373
30630-30742
25500-27803
33100-34755
10178-45341
33100-34860
30630-31102
49419-49437
29330-33847
45110-45587
59276-59304
31570-32195
36978-37371
37456-45179
58561-58588
59117-59142
59428-59432
10178-38073-38335
