6114
17007
10407
2028
Root
31240
14577
10678
2550
25528
34484
18470
4112
26157
15159
2786
29159
8093
26156
19544
26139
653
2787
20850
11513
10608
8462
3103
12678
16239
13795
26154
26155
30411
24814
8102
2729
20607
496
1958
35212
23661
12314
38152
1472
18181
7700
11562
2763
3898
25320
18438
3885
2713
764
13744
13617
186
9748
32899
849
3109
2103
1439
654
2828
15716
10215
1354
35669
13316
1480
2096
455
13445
8816
8136
17423
5765
12949
14671
17946
12865
17839
3687
6115
1366
1419
13315
8997
204
3437
21067
7001
3132
7290
16221
35290
2131
15160
5764
3106
13259
1930
7435
23029
35231
11128
7436
3457
32890
25961
18009
18924
21808
1494
10320
3255
17001
6966
15713
1508
4022
6289
2869
17768
6303
19411
24674
17804
8099
832
8483
23844
30878
21605
162
30092
15637
2419
14485
27013
22806
3870
9736
1647
30384
26159
11676
20783
13976
2789
10676
32821
2775
22900
1462
485
19549
1463
16244
10846
16052
23302
27812
7433
3637
13985
23371
23357
2952
36837
271
5658
29291
9398
15179
9314
6730
11563
25712
7680
2260
5500
3513
12709
29362
10572
3169
12409
929
24711
18175
26153
12856
652
8092
17770
33433
35248
8148
1063
6998
8786
8363
23398
1660
34003
22261
1770
7369
18491
2341
37241
17424
1477
784
11866
16240
5006
34805
33924
21814
864
4000
5543
2006
2004
8330
9088
18209
26542
4192
13449
7293
14703
34835
24643
8435
18951
19933
1255
676
26536
11
30965
2769
8470
766
11624
164
32461
9130
15130
11447
17010
2154
8206
4014
18708
14662
27089
18935
10165
1235
2728
15101
19663
21836
26630
14582
11332
14103
1230
10034
19117
31249
11534
35723
5649
21383
11246
14139
8433
28320
7699
3695
20285
9689
14370
14335
10665
35223
11590
32059
23303
10461
18437
2847
15787
1410
21807
6068
35073
24718
7313
21731
22844
9750
24710
12501
4700
1551
12954
37963
2149
8072
165
2499
24525
25033
1368
26137
2766
3439
3087
1353
4001
2565
7770
28672
7697
2599
1553
29321
2406
1451
6793
175
7437
154
27093
30928
16915
17469
24494
18469
13319
14345
34232
12089
19944
9303
3438
2399
13288
21967
7753
11921
12839
650
17232
1897
1431
2105
33970
36294
20128
26539
2976
4705
4424
16886
1510
38059
17042
29729
7665
11890
4009
7660
4699
108
324
12376
34294
36107
28727
1199
2049
7670
13794
20849
2762
11637
11446
19095
6965
17425
16241
17426
36156
1659
13241
12295
8830
27952
3546
18664
13567
20234
8419
31645
1306
11289
19356
12555
8162
15550
5083
2312
2820
3534
2654
16961
12374
10997
6967
23177
8967
10462
12148
33245
2034
4023
25341
33231
3421
13123
26688
23841
18153
18927
1189
37914
11955
37434
4147
87
31612
37909
7774
10972
15777
8305
30164
101
38909
20629
11748
40283
29039
10423
36251
11853
155
12948
20283
7741
6923
2093
15503
13793
23348
9386
3142
2991
11307
9923
15915
22358
9679
3258
13577
7474
21779
2195
13657
35662
10922
382
21313
38005
5024
644
18260
15712
1198
503
483
26827
1505
24578
26631
17554
12453
15565
26138
22138
11531
29099
22192
13204
2228
6850
1475
25191
20310
1557
33121
6743
29203
2717
10947
24286
37738
22706
23274
2919
21971
10684
20056
3368
3735
17222
3189
3970
24293
17320
27553
2695
18929
7291
10939
4012
4737
2942
5553
5877
17506
11803
629
3694
12113
2366
1985
3776
3213
6798
7803
13751
22617
32040
9762
2739
1332
6004
23334
2404
6394
3531
9232
7489
32894
7377
25040
7002
9385
12928
7547
7674
16883
1008
7782
13630
8110
3722
19432
5779
13244
32891
14283
18178
4638
10583
35411
3282
12963
10675
2111
1045
24237
9121
8143
1352
6056
10447
18252
27733
16749
11133
20490
1187
24090
26
2362
25005
33494
1556
3668
3646
25036
3831
1465
10343
10527
2867
3536
16524
5493
3495
5429
9791
24203
5145
24927
26317
614
10416
20641
731
20276
23358
11899
9740
22834
9350
15209
23085
12422
11909
18497
11891
28096
13742
10530
9450
257
2507
24289
15910
2358
1318
8524
84
24197
12780
1649
7769
7798
10654
4153
4805
7212
32703
3178
17857
12296
11448
7152
15329
17619
3999
1511
1519
20156
18945
14342
33922
11100
16909
5079
4131
4111
22359
9087
15245
30691
32151
4025
18471
11942
13696
35660
5487
25532
8585
31357
9343
27012
6400
10528
7696
16744
2637
31448
9704
2734
10928
37935
1334
28997
1408
28685
21970
21309
36776
4121
3593
3512
24545
8150
29795
2342
2242
193
12448
3541
34246
29937
811
3951
7677
12316
7234
4715
2870
19684
870
7235
2431
28680
11221
6954
17277
30761
12690
3795
4036
12683
672
32456
39108
8927
9233
23367
603
14972
10771
10775
9739
31838
13650
21557
26062
34260
17560
10578
28172
30653
1016
12
13102
26937
12663
1390
17136
10440
7007
16229
2284
30966
1650
10070
2354
4095
11798
32215
24840
22667
35299
24712
12319
23840
12506
10024
8456
28620
7716
1418
6818
11149
739
19477
29025
1552
29546
8931
36318
9996
15496
32418
4170
8666
6367
2759
31913
16228
11611
22421
15778
15450
3500
802
2939
11749
15651
11729
24854
20165
37449
1457
11181
10680
15311
30877
18508
632
14392
990
37725
2435
7867
22665
26960
36088
20063
13488
3863
19510
4244
28994
5678
31114
21382
12191
8752
23267
1460
33767
13430
26007
6787
1231
13132
19997
3015
18361
26169
13426
1370
32779
2408
17810
950
9922
31307
2088
18931
16233
2374
10045
15884
3473
4719
490
2761
18815
27572
13459
24551
2241
9686
12117
1170
1478
10667
6724
4466
37614
7678
14644
37374
17840
13326
847
14349
23614
20241
4149
38058
911
17943
36406
16977
18190
25514
8462-10678
25864
4757
13648
15990
17663
18939
21875
9767
3721
40115
224
2849
9097
14068
17321
14534
13257
18077
6898
10556
88
1476
15463
5248
7750
18280
6107
3468
18194
18210
12696
11508
6067
8745
24844
21344
11364
10525
13755
10745
15429
17769
12451
11092
9221
28311
6591
1568
10916
11180
1340
31496
4266
11659
9651
31108
21515
3223
12927
5130
3693
15154
17123
18099
5479
5911
2356
8434
36405
4322
16232
10317
35851
32214
8549
3483
2871
16187
17324
37261
9006
29797
19677
9644
17138
32785
18928
12936
2273
13453
20764
34484-35669
2786-2787
9645
12842
10716
19317
7882
10341
3212
10611
19670
13723
19554
23842
15135
17139
2461
16128
3136
6742
25992
16793
34681
19686
13454
10433
125
23487
22429
25849
16222
1648
23284
33726
34258
24946
24539
2752
3261
2152
22581
16887
1426
23629
1923
24094
37033
4863
515
33021
7793
30963
2451
3803
30191
19361
21884
18465
13535
7827
4261
27153
19576
32692
28147
2621
3315
2360
21676
15783
8803
4674
4289
1515
10474
36747
207
2593
959
5133
4238
31846
20000
37480
2113
4682
13832
24068
10710
4822
8358
17692
2044
1248
2767
1082
3435
36195
26136
15710
15302
25664
2829
3973
32462
18779
7294
6164
8218
21269
30182
18423
12955
28166
2394
11015
17590
1291
2076
15603
22071
6055
18316
1402
21311
6663
18207
30907
37787
5253
16770
6760
14764
31390
10069
1442
9663
33683
17265
1168
11661
2716
893
2101
10955
5987
3826
3129
12139
11293
8466
9172
14884
15897
1049
3960
1547
40114
31441
21499
4598
17836
1335
21380
20430
2532
9296
10529
35239
24743
25435
24715
23164
11530
4290
20877
4857
14145
3896
10807
15157
4596
34872
21748
7439
12557
13250
22766
11230
2237
4691
18943
17689
3928
3100
5554
35071
8665
38808
20631
26846
23754
3479
11456
14758
16242
29116
12565
34611
31689
36414
39139
36150
13796
15042
18393
12846
1400
9959
12605
37828
32282
6652
9250
4024
2978
8237
9198
26232
3157
7073
1870
2830
25996
2079
31927
6725
31850
26717
21129
26422
8104
7455
17304
23349
30905
18143
20316
1464
31832
26529
10576
19517
1164
3909
9766
8911
1513
34907
11660
14346
1229
26513
10277
25814
17307
12478
39084
9268
14586
18312
7865
5736
10439
5064
12248
16505
3364
6474
8086
21121
30762
1942
5159
2577
11438
18516
3083
17656
3476
621
26835
18501
14331
2148
39874
17120
3363
10464
625
25752
36056
38405
9276
2007
1993
17624
2410
32178
28689
36530
19399
2923
13547
3678
17570
8924
6831
1178
9348
2107
24861
1363
19417
24859
21682
12091
18811
2311
9660
2600
14815
18198
1309
8793
30361
22106
8230
21973
22663
5580
10558
5301
10913
1212
26164
13691
27745
2943
15728
6710
10471
1496
10815
11812
8627
6956
36766
11649
1994
1193
3545
889
19393
9323
7394
13792
29280
4474
3947
27661
18263
9307
32044
13157
2115
19034
21497
14456
7809
4736
17563
19330
20250
4884
4664
5676
20655
3351
2598
1427
1406
36777
3683
18926
17269
7619
3764
15871
18331
484
22306
39510
8076
573
727
5061
3316
19094
1966
476
27810
21469
3210
3383
10037
525
31804
11235
3922
7393
4288
27182
19592
810
26246
18288
3333
12039
2673
13289
2051
10349
11050
13461
31364
18523
15611
7110
7662
8119
18404
9461
35709
26514
15215
36964
14508
18385
13617-28320
818
35930
32094
20224
15308
2925
9480
3472
4626
3953
22044
8539
23406
1498
28195
16586
3199
4300
16932
10418
12114
3374
23041
721
35641
2200
21949
10473
25888
26015
25809
7804
1618
9360
31828
2975
12325
11654
2783
24358
22220
1036
12306
19567
31239
14812
13840
18206
18158
6073
5169
15754
13290
3975
31802
13416
815
2540
3744
18752
40184
13063
23365
2267
34285
11707
881
30961
8264
3645
28187
6708
139
25929
27193
28490
27752
10768
26020
10484
16304
18174
12032
6807
6104
1754
10099
23563
23479
3538
30417
5280
9239
29382
3221
3240
3280
3348
17043
29950
37031
18410
21561
9930
7675
20439
8417
19701
25328
1975
2984
790
32305
10664
13428
1611
15543
20650
24228
21677
26257
28099
22852
7280
10319
33994
3373
19378
18552
2794
23656
4917
22453
34879
30016
12801
1748
8996
23903
10970
6403
31803
8382
19488
4432
9122
16474
15037
8885
17603
32866
7713
10535
28131
3122
30349
8802
1801
4247
37137
17072
31847
22770
29161
2226
18724
7702
14610
26059
21098
25004
29202
11596
15443
18556
18293
4237
18208
3271
30770
22702
13368
13314
22357
26967
12049
8907
28753
20388
27333
8683
13215
2763-2786
10678-25528
23963
22823
25547
18560
11920
768
10743
28468
12659
21207
9167
336
2624
13670
19693
7087
18661
33253
19398
769
22899
7614
15470
18151
25329
6721
18520
1485
48
15500
2252
5291
16782
15675
12579
19364
2616
33046
13570
17655
17119
645
10445
1580
31024
26683
19548
10927
28726
24784
1459
27091
8669
6797
8285
22666
13853
2236
2163
24317
17146
30475
15449
10020
24678
22010
23252
14507
11532
4625
31039
11315
17216
1233
2414
37030
1360
7457
8052
17976
3131
10806
12843
10561
902
30953
12241
24449
24792
6369
9365
3924
29947
1236
19689
223
22081
6410
2177
13404
10875
23142
30027
15634
20266
6924
4006
22124
9199
21902
6017
21587
25177
8334
30744
28031
32515
33532
34592
34375
7666
5682
1631
26837
17279
19756
19458
3942
12396
24673
38117
4472
28487
3065
11317
6999
15616
30228
37264
10580
6281
6706
1878
2400
6341
3326
11401
18145
8534
2261
18287
29344
4628
11201
9568
30902
32221
12413
7467
19285
26930
12108
9243
25086
7181
9133
24644
34256
20329
11457
10834
7686
11694
12940
20167
24523
30278
22941
9755
599
9158
7688
22651
23410
10559
26336
37492
14951
14506
20044
1885
24619
17564
36796
7767
33247
33912
8836
17803
2089
18565
8555
15759
37572
33032
10900
14439
7739
8936
24542
38019
36741
9787
21216
26024
22837
39879
22322
18173
1072
2055
18794
9987
30049
2914
4622
33040
14945
18176
12526
18325
25190
19659
9016
23366
16859
14355
18797
12604
2787-2789
6114-8462
37241-13617
6114-10678
11590-20128
33918
1819
24341
1606
4464
7749
7795
29575
9254
21102
9175
11505
18500
1661
13697
3377
2802
5776
9184
17460
15331
23306
7929
14700
5501
9068
20370
20602
30066
4189
38239
2405
2689
37032
5577
15276
2008
13008
2091
3836
22627
477
29465
58
9143
3729
14790
14009
12225
21975
22556
16311
24544
23145
26866
23265
3329
16879
642
2309
7669
2948
12118
3147
20753
9062
34752
13511
5739
1259
4701
6459
6151
9220
17662
8427
2818
7112
879
37954
29567
14076
138
32445
24420
12101
25982
21130
22186
16734
3463
140
23208
148
20110
23652
8521
23064
27098
24461
6049
15491
2186
11648
1943
25145
4250
7805
6110
14116
28588
24209
1313
3233
30792
33795
24061
22243
2391
8993
17091
25802
1430
263
37042
35978
24215
2755
1108
7434
31021
35904
35799
30967
27892
37514
32180
8103
14341
3150
18652
1364
1678
19148
20687
2227
21571
2272
2926
24028
32062
27400
3887
38666
233
615
21648
14982
11973
13963
16871
18273
35932
8825
18147
5447
9424
22575
33497
37821
24436
6658
9422
14245
11489
37204
14555
18278
13486
18650
15933
306
16494
18007
315
26973
23965
8225
2209
12728
4828
11236
1454
18599
35477
16847
930
7758
18036
34616
23824
11627
26165
10681
12945
11758
17674
8013
10275
2865
18196
6604
17117
31817
3017
2382
4925
3527
12721
1514
10812
697
15402
12166
2313
19397
10347
1183
16076
38741
2352
3152
11975
33266
20347
11718
860
11844
20507
37921
3785
8123
26666
30239
7354
696
24853
21139
19700
14047
18555
20611
8100
29370
3891
30360
30985
2569
12874
14166
12507
7745
22721
15567
1429
13194
12432
8312
15312
3948
1461
10701
32034
26394
2619
2090
25396
21887
7764
11670
6074
5626
12470
33827
15529
11669
3523
27969
5160
17097
5099
14440
17848
28169
37034
24332
35739
1405
25543
14089
17961
11845
18122
39317
1679
16765
15908
29429
30649
32706
26163
19390
17517
15927
3449
15535
25706
37612
10589
30972
23710
8989
35537
29413
15887
12854
22246
33841
11156
12487
12255
12909
18032
27061
8807
2028-8462
15159-15160
2786-11562
4153-4244
1511-1519
6114-13241
4822-4828
764-766
14686
428
14344
31025
33151
9152
1655
7903
6784
7016
13974
4004
23397
10413
8523
77
20124
20616
21765
6355
26601
12237
2877
2932
15755
24989
15438
152
5346
32041
5120
22433
4186
32170
913
13925
13058
1412
819
15151
22554
5547
8137
2822
23262
11032
1371
4150
25792
2479
15467
1319
20989
2825
3151
7399
17150
13601
26867
12901
2757
11069
2623
22005
8465
20088
807
1577
8170
19940
34812
8995
2938
8070
5168
7996
3360
7018
36486
2218
1638
12564
7352
20225
36830
1630
8472
2683
23628
37947
1179
34058
37948
9075
23564
2222
27658
11314
22483
33123
27855
1875
14548
20635
16452
1195
32174
32173
14338
5489
4106
6960
21217
9627
9780
18432
2935
11692
6277
29371
2676
11640
209
28173
21452
11037
25014
3482
19919
2878
11509
36024
6047
7239
10025
8172
4931
10355
33670
3725
9716
3488
12224
15349
20233
24722
16245
18681
10365
11658
9437
14172
25332
4294
34249
5729
9188
19662
17208
26149
9492
28409
25354
10708
205
6342
18177
31712
29204
9977
3148
6636
1135
17684
12687
10432
7676
15648
25835
32773
31450
252
2800
2610
4394
9665
5807
7151
2185
22914
1982
26056
10549
12126
8850
21695
7695
1175
623
22686
18172
1806
636
16002
14765
22066
35927
3610
2792
19836
32757
371
3012
24677
7147
15102
26889
16861
1790
12100
17369
35677
2458
1267
6668
32046
18833
24639
21074
20902
2164
27897
24287
19971
481
16018
24141
31690
24300
18667
24682
4878
29292
24713
14412
3756
1303
2927
24796
37673
771
19173
8837
25088
6941
1470
5990
3272
14305
38688
8084
17278
547
10626
11368
15861
16735
4265
5506
29264
32548
4653
3620
700
10033
22664
11020
6131
3931
16649
37965
14688
12552
11334
27384
21690
29363
21560
5098
10789
2153
9074
12686
21972
13406
9570
12884
12116
2940
29276
18735
35897
6509
14058
25228
25075
13072
13584
15149
12082
10015
7820
3167
1991
955
957
834
13867
14748
5466
8758
3648
1450
6426
30329
8530
869
14081
12157
887
15147
4774
1787
17101
26408
10719
24268
11409
8976
15964
8774
25292
3533
21214
23968
4600
4909
11914
10709
35410
12231
13390
10869
26421
22067
10526
6814
27963
7125
10009
11868
6075
12944
3628
7844
9813
16613
26541
33243
19608
2437
16836
12991
37711
10798
32164
31481
14716
24224
14606
4225
29503
4212
29168
12051
28522
12998
10608-11562
650-652
15159-15179
27185
20448
9866
29278
16846
14193
8601
8829
29289
10272
2872
27390
32060
20043
9749
4756
20579
38844
38845
307
3976
4735
6088
15772
13211
362
30797
29556
6179
18037
8933
33
4677
5567
7671
13864
15272
31982
6678
1188
1566
25142
27972
20013
18388
17593
2647
8268
8728
1020
33241
27693
18502
19422
2841
16500
3423
34796
1656
1256
11933
2415
23634
12682
30964
6519
5161
14434
24688
34485
2078
19779
15571
4177
17110
10060
1107
10693
14336
10577
39211
6195
7689
24120
16697
27542
17393
15998
10523
27361
1440
17579
304
21754
8596
8201
256
30823
10285
31843
32744
126
16575
240
7076
12106
22616
24855
2581
6633
1425
5551
875
14036
10278
24478
33758
2831
18420
28358
3005
27669
31894
7701
21455
3703
22012
4163
5039
7149
35975
2127
17472
1527
27398
26838
30052
18170
5723
20596
12379
8280
12394
3552
20240
1224
2329
7159
4894
31406
6970
198
17866
29711
15820
13411
28954
7195
23631
12694
7826
31886
6650
2947
21974
28686
20244
25723
16249
37213
5733
18253
1196
17017
2421
2108
6771
23263
10966
6618
21053
5881
24000
33049
11443
2573
16461
8163
27819
11839
23192
4003
21138
6019
9703
31185
27080
19816
710
13138
7788
3864
2122
19056
462
3138
1768
563
33669
27136
3758
31972
19468
4253
3555
262
30480
1669
1906
1407
11241
12257
15674
6748
9181
9165
2170
16924
4718
3654
278
1986
5267
8112
9093
25587
25880
20528
21813
37201
5625
12855
35023
356
5415
2684
26858
31356
3903
3352
26741
27652
5104
34552
4430
6462
13979
11117
4629
4732
11171
10466
4599
3328
29703
6864
8913
3429
21186
16279
12242
5819
14935
32225
19351
9744
25556
39389
1825
37223
14191
9553
2951
11485
16968
7041
26753
17050
9330
11635
23966
1602
12188
9436
15005
12251
13749
26699
1106
6849
30386
34251
1337
21011
32979
2433
13492
16755
18401
19024
22659
23748
23574
4484
3141
17206
10811
20765
14478
1665
20193
12942
21300
516
6156
5534
28557
9425
3753
7502
21914
15137
15024
16692
29285
6285
38442
34968
39479
23496
2245
15655
11049
30580
12288
35233
7011
17789
34088
37272
11408
30822
10982
15898
25822
10334
20853
31339
18171
19419
5212
24169
23026
25676
14415
20445
37319
30057
22417
18942
15914
25954
21614
39085
19136
1625
16884
3597
9770
6023
17410
25384
14453
29403
2181
26208
28770
10784
18802
9294
11127
4167
16255
20152
13029
26522
16624
33232
39053
11835
1544
32222
9145
32511
28168
10522
14556
1090
5533
29275
15705
6502
16320
26299
7509
18982
24500
26058
33434
15809
32774
7813
38585
6808
17209
14981
13047
3701
22475
21281
21086
10914
10925
19338
14472
1345
23944
4291
13240
38607
5110
23552
33882
7719
19938
2922
11319
4564
11035
32061
8369
23251
35176
24646
15193
8835
33362
37910
4317
26540
2901
13881
32892
19013
9532
8038
6817
28039
20007
12320
3101
11785
3567
27187
5401
14433
3511
13401
28547
23957
30591
24567
9005
29213
15736
17892
35825
18462
24753
25183
38156
21750
6348
10077
11735
8737
22835
18203
4848
7742
32654
16202
17921
3946
25391
31684
16158
30818
21195
16743
22087
13451
22885
20781
8680
8848
32333
35111
23943
31033
1353-1354
15713-15716
16915-17692
1510-1511
2028-6114
1462-1464
7290-8305
4131-4170
13316-13445
14399
38697
16448
28915
8852
12861
14551
2118
16878
3702
8077
24016
12599
10395
14032
21604
6791
20797
39919
29699
1322
23308
31367
2838
16322
7796
972
31085
20429
13848
14900
3888
12695
21193
10274
5174
4196
1518
20432
4563
20514
26599
15568
30638
1222
3455
15266
6786
9344
50
21847
23004
52
20724
13741
1957
14337
26651
14797
7346
39948
5289
15849
18448
24919
26089
14658
13320
7681
10958
194
8467
2441
13525
28608
31797
39858
26865
12578
11535
1653
2764
2416
22176
16113
16663
12549
24282
31587
32682
37026
2411
6955
1391
16254
26723
36261
11870
17640
7210
9352
17644
26004
10901
5139
24330
7752
39261
6109
13487
12301
3890
1549
8362
5171
2011
22628
10524
23035
19690
23138
26952
826
23828
2258
7643
2583
1223
10557
6800
2165
14999
8244
36148
37097
9038
28720
7937
18775
651
25080
18698
13239
24541
2151
7922
8234
24020
32172
22687
19357
3728
30767
7421
4016
3872
604
6132
19066
6867
13070
13078
28489
35605
12171
5517
2132
19620
1865
7407
25347
3698
1305
11074
3215
15588
39629
27433
36641
5556
14378
6143
9127
8069
38905
355
25383
12260
13929
173
15400
29591
1846
9366
21270
3526
3714
27183
6183
8332
32497
20359
9514
23045
21118
6746
19496
39387
20155
948
30974
8621
32716
3230
18451
34305
9191
9280
9084
10648
8158
8190
11884
19122
2353
24759
29856
24990
2456
12254
8182
18468
843
11549
11106
30295
15956
28072
5158
2777
4337
840
7176
32561
18322
3241
13140
24438
4659
26105
22355
1637
3378
16877
15136
4065
33712
2303
2897
28475
10726
34801
3111
5450
18525
22927
5272
23927
25334
23708
3024
7264
276
12218
4497
24771
3983
13523
19921
17310
8153
34483
14978
1003
9072
3876
1488
22802
9150
32332
8681
5460
29506
21908
5930
13353
316
4702
5414
5040
4102
12455
36690
3365
5833
34792
1626
5654
357
12736
9291
11249
26314
17854
17347
29881
368
34781
31023
2518
21701
6522
37705
7821
17035
38969
3914
2675
4128
35418
11715
6061
5915
9069
2974
9765
26016
9054
1542
1467
22054
27580
24516
9509
1927
16732
30490
12256
19109
466
31137
1639
8293
13828
25705
2790
20201
3361
30322
37489
1715
30988
37180
4073
23433
10604
33881
20149
17884
35494
17137
23571
27174
2301
25669
37785
11831
11377
7415
1276
12060
7283
30819
6622
2193
8259
12785
21870
9847
22902
2714
5537
986
25821
39713
29084
24900
991
11124
1046
16213
3874
13951
11613
589
3228
22334
8418
12096
8410
15309
4468
10725
5727
16338
17767
39107
13465
19509
2906
16730
6796
13119
2365
13980
21303
19035
21190
6387
7220
24309
39413
5402
7222
13694
4276
8164
9527
27159
6177
1857
22785
3040
19848
8452
13156
19751
3219
19525
30350
10546
9042
36517
14104
34084
36203
11066
32982
5576
23696
24597
8085
37436
12563
13978
2375
3982
18729
35472
7881
27342
2896
24532
760
7743
8617
29243
22629
5456
39205
7385
1590
20086
24311
2874
35784
14376
8447
14148
30990
25252
25051
3866
35297
19039
18569
10147
2879
14141
8032
19703
38794
1970
26743
9797
846
9051
5524
23962
26518
1971
6147
25868
9917
2921
1703
23579
33519
949
8471
33848
5743
21671
31026
38929
28681
31066
2202
5309
10132
9293
33028
13282
17704
1850
2756
958
1961
3751
5636
1338
23405
30091
6142
13229
10342
15167
22084
8166
12872
14188
33496
21772
17352
28411
29163
13345
18489
12905
21204
6003
1628
1166
15187
17214
2855
29634
7370
20166
24325
2447
21145
10291
15885
19534
9400
22864
3149
11814
4179
7310
7775
37951
16455
5405
6460
11546
28969
11795
1234
20435
26508
6393
26917
8821
21140
27073
23361
13455
23749
2817
2682
30705
8011
4514
5298
26660
10346
14253
1675
24788
9496
11595
13279
12700
10896
35573
22181
13035
20990
1433
5663
11295
20745
22316
24808
2243
22668
18551
30120
22141
21800
9806
24686
16373
5652
7413
17558
8455
39267
13740
9419
37808
21071
14834
6865
27065
13605
4818
14155
19263
23961
11782
18392
3343
1841
22221
13580
3487
1956
6432
24675
21761
26808
9730
21611
18941
20842
4154
11984
15472
30313
9215
6991
34318
33404
2314
24579
18193
10179
12539
20474
4571
33624
30879
4630
7411
29462
24785
20608
25851
29597
22833
6141
34359
33997
13281
5575
22239
29865
33033
24780
33832
5373
12647
27545
30268
11890-11891
1958-12865
2787-11562
10558-10561
1659-1660
6164-8549
1464-1470
17425-17426
1072-1164
10665-19117
5649-5658
2775-2786
10556-10559
20194
724
17053
15125
7
1816
21712
801
18250
1535
27088
21899
103
24836
18268
10161
7051
22555
25357
16122
7214
13850
8335
15010
30415
20334
24040
8548
19174
10931
15416
7751
7802
113
12216
2660
2155
873
5942
16577
2512
18579
4979
25061
27706
36
16954
8087
37
4982
10414
3878
1289
22705
2045
1858
15963
287
10808
55
4029
11256
17085
21410
2895
18955
7301
19497
4268
2588
33995
16523
17055
3547
19447
4754
2936
3930
18488
7784
6148
14121
3700
6792
23594
2005
12919
18054
10075
29320
11101
5610
8768
22286
2378
32413
11062
2086
19042
1197
24582
24687
24285
6585
1627
32907
29038
40258
29447
4258
22669
5233
15264
2990
7104
728
3078
2819
10419
10764
16476
25044
34297
18930
30778
16880
2864
22393
33047
5700
8054
6087
23443
35440
3794
16243
26218
4233
8529
6481
21220
29302
34712
21301
885
2967
22241
25349
643
20249
23180
474
30012
3441
22151
9786
13261
4198
17541
29120
2371
14016
19275
24167
31168
27152
13558
35437
14282
22923
11503
24296
31564
1667
150
17926
8364
11840
32086
26776
2690
12354
2805
10696
24581
2501
22293
13505
15307
20437
27581
6072
22231
11618
20360
26749
4616
35022
31887
8772
22215
32353
2012
6380
10801
26424
8265
17428
9378
18595
19316
1803
19319
26964
11662
14249
2887
14983
8461
16585
20683
16573
14285
1483
33099
1211
19822
7868
2013
20688
21526
1574
1100
13791
2244
22170
1172
7216
989
20864
26682
471
2944
25573
25037
18840
28374
11538
4440
35217
27822
11931
17418
16218
22349
10158
4620
37804
29184
5628
17417
18386
11191
5737
18337
33420
2892
188
189
346
1006
18535
3350
29502
8468
12876
19748
10054
33985
26017
23345
7967
23568
22230
17913
25330
1502
16631
22932
18466
31486
2119
16275
21581
2040
15040
349
15792
6755
3938
830
30952
19385
2641
9162
220
31295
23699
6740
22356
1804
17683
3651
7171
11010
37512
14919
29461
35168
25883
11494
4363
6586
17959
22361
13299
1596
3504
3490
6137
23492
25174
780
4614
1633
8620
13802
1304
31935
7815
9524
36825
8205
3025
12200
26805
9926
4582
29889
35510
15978
38459
32464
7102
369
19546
9161
21935
28215
39848
285
6274
8147
18627
23680
32068
15118
34245
3941
10089
10194
20845
30845
309
14387
12289
13610
5462
39390
34739
17398
35848
6777
5408
11014
10746
13166
6319
22240
4654
21370
12228
27161
16207
24616
23089
11450
12056
12445
9061
31335
40050
14173
4077
11423
17897
10872
2065
3955
27913
24513
12197
7626
38972
4207
12072
8160
17494
17967
12207
35423
405
21977
19015
4249
2804
7049
24746
22290
20080
16472
14918
23639
30962
14270
16709
18021
36990
20923
1025
29241
2961
1246
19610
32560
24170
37102
23866
13563
36327
11380
554
9841
713
8600
19423
7982
18328
14889
925
24547
16204
17908
11026
11321
3485
16317
4613
7099
24730
4382
17543
25468
3828
35281
35101
21123
13034
27739
9677
11651
9204
33479
37806
16019
17507
21068
943
14461
988
18329
30324
4518
19036
2359
4672
32152
3659
552
2219
1674
1796
1310
28659
36560
36750
22851
34807
3660
17981
10814
37536
14645
15298
19987
2135
9463
8059
23932
32473
7654
8559
5032
16674
6768
607
9486
11667
6312
13091
34061
23132
7376
33177
24745
11630
15642
36498
22321
25771
4526
25420
36503
6971
5634
6397
3303
17528
18104
16580
15818
1576
6496
6573
23360
30959
13360
4647
8051
19020
21697
22169
3320
8159
8152
17403
26242
3787
12518
27063
16944
15950
10850
22449
10923
26053
6809
17705
3063
13103
15336
10101
14895
1014
26201
13533
31602
19844
29839
1089
13273
30550
32831
7476
21095
9711
1009
27101
20772
25368
26297
27623
30989
24580
39201
16895
9099
11022
27856
7368
19524
21165
18094
38269
18033
5117
29520
25755
15166
16490
1275
5863
34767
11979
25846
14959
26405
11495
22154
28931
12965
2528
19739
12065
32042
5384
18081
23775
28407
2535
1635
9475
8231
11425
15389
10066
799
18113
1583
23287
14010
8331
3459
17977
4529
18690
2426
35296
14372
11553
23702
3879
36343
8505
13046
17256
12574
19926
39456
28574
2667
20336
6977
12339
4823
15734
4833
28674
3507
34706
11484
20862
4042
9377
24450
1181
9516
21777
33547
1486
14435
19798
23988
12960
3338
5655
7909
19711
13274
6976
15109
25714
30924
37746
3108
1845
33356
1997
18204
27188
20731
19258
11179
14195
5622
5293
21725
5820
20583
37206
15319
39797
12095
5618
25764
14334
3161
3506
6531
29005
23786
26088
16050
19093
6593
13628
23054
19523
3827
15161
1123
33668
12738
8342
25180
5683
15544
4586
10451
15457
17631
19304
15886
32024
13944
20113
16440
18277
8654
19764
32965
4934
1184
15528
7557
10898
4816
19371
4641
9586
19599
5661
23304
20843
15459
32977
28002
12240
28895
2124
19291
11089
22250
21001
35711
24212
23667
26798
1534
30325
21793
35841
2904
22422
11797
20024
18188
8391
7485
11885
20243
15358
36393
36689
25179
15746
19935
1797
11458
18156
36454
34044
5810
1349
20133
30412
7343
7473
11148
2000
1373
9911
12964
5760
19807
14619
1830
29969
24566
9223
25713
7424
11252
9551
1851
1750
13318
6134
10868
29710
22351
35213
38563
12343
6732
30486
16497
27338
3330
3237
27112
4501
3569
2188
12924
27918
5156
3978
12362
20302
2997
5872
22513
30308
14747
12809
26057
10616
11112
20468
16807
11794
34083
30155
16965
12937
28483
4817
21346
22013
13615
31768
14547
4752
7835
13150
6626
11727
36794
27069
21510
5925
30934
3566
9285
33289
18269
20082
37092
39489
3076
37321
13254
11725
31037
22922
24046
15203
25434
4973
11410
18918
27155
37007
33842
33942
31183
28259
15819
9379
20846
15474
27841
39414
37266
14410
24530
15690
33225
10711
5491
11636
13466
17003
14126
19832
24009
21350
17225
6866
35424
32656
6715
14544
2614
15576
17343
23269
23602
29605
32659
17756
15158
17763
6846
32883
9079
20603
6907
3289
38869
9933
25270
37149
25623
8740
30971
16602
26946
23404
24568
24835
13377
20251
30135
32966
30271
4486
31117
18799
6399
19569
4068
23080
17237
15381
14711
12609
26463
8851
18296
8765
26939
11064
22217
27807
24621
11957
8750
22404
37186
12472
21448
20587
35669-37241
11562-16239
10916-16052
10608-16239
18470-20850
2360-2374
31114-34484
35669-13617
21677-26257
4638-4664
4111-4170
2149-3546
485-2499
6818-6850
24203-27182
1659-8136
26155-26156
1168-1170
1660-8136
37612-38152
0
1489
35928
36859
3733
398
11418
6549
14132
26941
18933
22206
10456
11222
32414
9103
9743
16352
21409
3118
32689
1308
15173
22103
24294
19514
2481
1708
7755
30617
27092
35121
11519
35364
24
20379
1771
8058
38083
31776
27843
7833
10730
1010
20794
27917
4423
6975
7312
24670
10038
22
13550
6563
16671
28638
3819
4717
8171
2806
10097
4181
18985
8757
12449
1996
3249
19557
10823
7324
5951
15552
4345
6950
3362
21956
22380
14133
21051
11186
24514
22255
14841
10674
21759
7710
3302
9066
12553
30768
10443
22080
23644
34269
21920
20725
858
8508
4346
23456
3239
2326
9151
28723
15581
1642
21263
23260
80
3196
35542
28194
11629
6203
24992
24694
28719
10951
23275
39517
16253
19927
16850
24156
1921
21828
10163
27515
5502
32402
7140
7724
32567
23868
33244
94
22006
24340
15724
16302
11741
11431
2439
1892
9746
1047
8589
688
16509
14589
24333
3940
27823
106
4097
7323
4714
3950
7179
19389
38880
7615
32795
19679
1458
12677
236
16313
30099
23755
36686
9552
26922
35993
18159
25405
23091
30421
3707
28708
28284
3920
124
9467
10207
1219
1253
2264
35032
6276
281
23972
23971
3972
15192
12298
14775
11027
12302
27627
29456
23692
17555
5822
129
5775
17188
12850
3779
24741
22218
26951
17126
26441
4116
22011
17094
32171
20600
18656
4391
39454
4471
30053
36648
5454
14660
2780
3895
4494
26152
1339
24768
15703
27084
11932
25039
29182
21261
1342
19794
6925
23897
17421
24826
10053
444
19769
5518
12341
11265
14543
1215
23333
206
685
11778
26018
40221
24683
35314
3704
8080
29466
5563
4572
30310
1177
37025
596
8243
3216
14023
634
9194
2077
34293
28071
27832
16469
2626
10797
24595
24302
11360
1210
7885
2536
7064
10328
21891
5583
3371
7703
39269
8579
35619
16303
16596
6436
342
1443
10624
30129
37827
176
21513
291
17966
183
27090
24717
6987
11645
20788
964
8242
18407
21699
19885
18732
5956
11468
3881
23108
2225
39667
36403
3165
8556
6852
31643
27797
21805
27099
24763
35767
8903
2092
28666
3322
14707
3647
23281
23880
3935
7953
7456
4574
4605
1636
17597
30141
2376
36224
27708
5512
9768
25166
25276
27625
14281
702
35106
10271
11240
627
33843
778
32967
4540
13858
27406
1452
10465
19114
21785
8037
17491
3617
2688
34594
23675
844
22858
9682
24697
7396
3299
6963
4143
19164
32232
38858
2355
12934
3300
29433
29284
10735
9555
5886
31805
16737
17879
25934
241
3897
33716
3712
7252
24890
17129
1117
2357
13984
37518
19489
12222
23342
6909
31663
268
14308
35190
38864
33647
31621
22853
5358
8554
31940
13055
4348
9637
26339
5681
7199
1840
4915
37354
4138
6561
36425
30838
11633
19565
27920
3418
14020
14000
22972
9547
32693
1582
35259
3160
14737
300
9070
301
35382
15263
10142
24319
1038
12703
20072
1133
1742
1604
2291
3202
737
17954
4398
30975
6913
17283
24626
6040
13131
544
39856
3813
8685
8948
3793
12729
1799
1023
14957
21892
4107
325
30379
32611
23143
31980
14777
16724
5629
1758
21559
12283
5731
11373
34964
20522
9646
13883
9248
13013
4013
682
6482
845
3082
364
23259
17678
26782
17736
6508
4811
38467
36170
1849
28084
13953
35925
11351
26312
13075
6525
14033
33821
20515
9529
6453
7518
26121
425
14807
711
2430
18484
8538
11574
4460
1316
33401
30760
8650
441
9546
3762
15252
8247
4695
774
1951
3367
9801
22897
14673
9186
22655
956
18701
17196
9179
16475
7785
2166
13631
9180
12705
2480
2671
15184
20057
32994
33944
13716
30546
21704
15757
24213
38706
31530
11982
14368
19254
1756
21877
14697
20743
14505
28671
19809
4531
3027
478
4808
3791
8056
10371
2106
6216
22608
8459
735
1592
38780
4200
12775
12430
24096
852
15328
4492
1380
30051
24707
34969
25095
21194
25594
7183
30022
6651
5043
24236
26750
1658
6997
3386
18418
5757
10957
2308
3211
14413
1926
10276
22819
10620
35996
12212
6860
1935
12134
7861
19937
12483
3605
18644
25817
20053
6824
2915
17327
2471
513
23747
1950
10073
1064
1221
6025
6233
9756
14154
15044
3309
18813
18185
2021
545
8088
19382
38813
24487
679
5090
3594
19209
16053
6641
30821
19449
6058
580
8071
24876
8277
12560
5251
7842
18706
5496
34073
3623
28651
25125
21861
26226
601
31880
2988
1501
18216
2413
7789
701
4416
20263
608
7287
21593
30119
3994
21868
19880
27027
8454
8637
16888
13065
30240
8281
8016
28505
21137
15047
14540
25637
8920
2812
15082
15088
2392
21398
10682
8451
6545
12446
31059
27514
22912
29890
18567
34821
2799
23956
1307
4139
14901
30087
1800
22564
21443
3324
9617
26464
23368
33601
11594
1512
24969
31740
7410
18709
24789
28199
38358
15466
1713
7447
21277
23662
5837
675
13661
14385
6747
19023
4706
1776
13427
19515
3518
3559
33097
16736
10910
15422
2646
674
4575
3590
3709
3486
26161
5195
7000
15190
9824
7358
19309
9826
22463
14568
28220
32314
8421
19676
21363
13653
15644
3254
18581
10032
30229
35926
9738
4409
18483
24342
24113
14200
16689
15920
13600
8386
31939
19377
22600
734
18654
20998
1283
11556
16060
12495
18272
22915
36620
12831
5475
2693
4229
29398
8842
39068
25351
18132
29030
38727
31349
1137
30124
10068
11698
25417
9825
9522
34901
1487
30849
27732
5597
12322
1311
15545
27939
34200
19915
14518
39221
1589
8607
813
25639
6872
28750
23261
817
1500
6664
14789
16465
11407
5647
829
1358
19037
6906
27782
34093
15843
13844
13232
15023
4880
7698
8138
12271
27806
21385
15458
11428
4992
2760
6365
22710
38648
5108
27846
29207
7440
3493
4667
22416
17781
19597
17902
2911
2643
22614
36484
19048
23196
21556
18157
18554
1466
2821
38553
11488
32266
4104
24327
22113
15618
7592
2486
28333
9969
25346
4415
24781
35663
19959
18105
2548
34301
1859
11712
1414
27261
16537
8672
31055
20361
16149
24676
6269
10403
6062
18167
15283
21101
11647
6264
17502
979
8389
36977
1622
15398
1186
6803
6381
21100
23199
1983
28676
29722
32793
25466
37134
13330
8436
37140
29650
8371
16427
27399
2459
20051
27916
9483
39674
7422
23773
12186
34065
1377
13819
5642
14752
1584
13565
1992
9427
8298
2276
3917
10723
3395
27811
25186
19288
3019
20235
20442
13107
27025
2883
25395
24014
29848
3856
14093
26748
34945
5197
17751
5331
18295
16219
8387
15903
28519
23344
22618
1145
16945
13947
17182
32955
2473
10551
25277
19308
21310
38228
1190
27919
4773
10378
9882
22917
1413
7164
31664
15008
9166
33563
11826
25144
7218
30951
30274
3596
4838
31820
7090
7075
17276
4306
12213
36978
32674
23805
35174
37715
8354
8404
9760
36339
27104
9989
10770
20135
10871
17419
21642
24163
19000
11417
15052
34619
6785
9595
25798
9289
13130
24709
21416
22068
6379
9566
26705
36172
28040
9594
36259
8567
6356
24584
34030
29573
5844
30993
25635
22822
6624
4100
14297
9065
27429
20825
15752
12064
4491
10273
23783
11499
4826
6942
16960
14897
40165
7070
17790
3014
4898
6640
26042
6968
22430
31745
9245
3052
2453
39346
6130
35412
5430
18182
30857
18205
14958
16125
16309
19341
6510
18285
20208
14251
12746
5627
29648
39061
35856
15578
17670
33210
37691
33100
16007
35031
12510
15722
15046
19138
25895
7797
2129
38280
16484
29301
11958
18256
38918
7058
20387
13224
16081
4584
16297
10244
13514
15971
28324
11024
36204
33734
26736
25234
1581
24519
29437
15547
19635
25392
1587
17881
7930
33548
6498
6761
29647
14952
24819
33212
15735
15170
17333
17087
11824
33567
6744
6700
1686
28953
4749
28593
6840
7386
8064
23959
30396
19456
22727
29004
27741
7428
24668
29408
35347
7233
31095
21224
12473
17394
1887
38498
7617
29885
6135
30650
32319
17306
32953
36762
26552
2136
6845
17044
11750
30088
3243
22466
20831
28163
6154
12661
14558
25987
11939
8477
9539
33618
24786
2043
5495
39178
32748
26227
2052
2067
16049
29115
26709
18284
7761
24599
8819
10699
26757
25989
25018
23385
24758
24775
8756
28966
8987
5854
10948
18761
18923
22953
12426
25593
2159
5515
19770
19123
22381
34127
8266
26724
3575
8644
2607
6583
3949
27165
23727
33315
24586
35620
15507
21196
4882
2686
38011
24364
24754
13160
15916
29777
24757
28494
17512
24612
24778
37209
25091
23037
10061
3821
8770
26074
38118
26072
12337
19826
2587
10083
16552
31824
16936
16395
4782
20746
24663
28716
3205
6260
27851
14798
5638
19391
11994
15346
11279
5063
38069
34519
13898
25353
23247
11304
35830
24972
38743
18064
13174
28570
20664
4245
32138
31688
4850
3089
11008
9818
7229
26219
36335
19735
16812
15923
3192
19479
18981
14960
14934
24528
26591
4048
4633
11672
11754
12146
35790
39802
8253
5281
39812
30976
28780
27663
9706
6286
17758
31022
23489
23239
8622
23420
5940
35226
29144
14574
4781
28963
18987
30587
13383
16058
26458
10766
4421
26511
22315
4456
19289
20588
4668
11875
37815
5536
22905
33086
17229
8036
7831
8403
5998
25020
32558
14546
19999
32289
21986
37339
13245
26087
11337
20562
39100
25480
13097
37437
14892
24278
12066
23674
24081
28117
11454
18010
9318
20766
23033
16542
39996
24650
19797
15159-23357
38152-37241
9736-13577
3106-3132
764-1923
4805-4857
12032-12374
8103-8110
1958-22806
19544-19686
13449-14671
3885-6967
27089-27093
6068-8462
1480-3132
16239-16244
20850-32821
8312-9294
7700-13315
25664-26408
957-959
36107-38152
8462-10676
2786-10608
2763-2775
1770-7369
38152-13617
11531-11534
23882
32878
33131
8833
9468
4
36524
36368
17174
11586
1244
9
12279
1389
16956
11761
13039
1620
2597
6539
5850
27685
35149
34612
33435
21881
25969
16687
19352
34514
20679
617
25819
16826
6564
562
10845
21312
33166
19
4010
21
22300
16251
12676
38275
5552
11194
26862
23
9421
5527
9632
861
10796
4082
1741
19834
15059
15185
11202
13067
12741
25436
14340
21969
320
8515
33290
10884
13524
29424
4980
11297
5096
33149
33425
19985
33591
23924
6947
14364
19698
20309
11173
23431
8151
502
44
15632
3892
6646
23071
26774
38494
35607
8754
14512
10344
27743
11449
36036
21288
31806
25666
2687
7855
3908
6893
11470
11433
21976
1176
17223
26324
11873
2636
9374
29948
9301
25108
20809
3731
11034
15391
33493
28694
25873
25808
9009
15638
1104
3497
2868
2743
18258
11762
9406
36445
13195
8309
30286
23586
17254
238
7889
10190
1474
19537
15444
13340
6308
19939
6745
15562
29644
17580
24412
33389
10767
10542
723
7924
1201
8311
8634
27589
7679
862
2989
33169
37916
35409
28580
38465
19495
13595
1471
6468
35517
1333
1818
2340
575
10996
22028
15997
15874
10450
460
9658
30611
574
104
105
18937
16958
1876
21275
2389
770
1493
18300
23248
5282
10974
2679
2656
21351
35470
23817
4123
16164
803
114
11963
115
27079
8633
19012
15827
20479
17299
23210
3671
4703
29627
6879
11783
32530
3969
28627
120
122
12497
14489
8067
1249
30945
15586
22388
5561
19125
10560
2256
3285
30157
23400
2876
14287
31223
27933
25205
31958
12502
4590
5883
32179
31311
7397
18610
12128
4924
5473
33487
27150
1241
29792
145
22140
21894
20148
8602
3937
2992
1940
4171
6989
2238
463
8473
14979
26616
32686
21122
8213
9851
20824
37088
27200
25898
27598
5566
3611
13348
21591
15881
23542
39282
3638
13493
24714
19505
33986
30062
2220
35976
33733
22391
23559
1079
6048
5977
34183
293
32269
24908
5262
5300
5689
2956
3229
3963
26581
2705
2579
13452
16306
9214
27747
23212
18598
2109
33136
16129
26826
1657
1252
2497
15273
25477
2920
13764
39949
6270
33552
11900
11461
5053
28032
28803
33079
3837
11147
1237
4958
18301
1567
3847
3580
35430
12879
11203
15761
35011
14013
16037
16190
20991
20802
15662
10446
21773
28687
11855
10409
33543
37469
669
24254
2278
12668
20675
184
10689
8120
11109
18651
5010
6819
17373
33412
27783
15440
9297
3524
33628
1220
6236
11743
38928
25932
3304
21626
34046
16168
10722
13987
7438
35895
12401
5184
17386
18757
191
38189
7646
11214
20803
30014
19461
14874
19189
6548
20373
5513
7878
13527
39194
196
1691
1125
9394
8301
10854
6011
22805
3724
16657
25729
470
288
8676
21816
12826
7577
2110
3128
14847
33898
13371
7747
14770
10804
12933
11887
3079
4076
24489
7038
23215
6256
1039
12357
18187
10653
11769
21314
19630
32257
16312
25412
16997
40128
21516
9295
15039
26624
31252
34885
37470
36007
6450
33998
4318
214
20203
26908
23836
6280
7028
8975
219
330
2650
9163
11350
23553
11251
25460
21958
30887
10691
22082
432
13612
619
3974
18482
14778
10712
2953
2508
6853
27204
9102
5572
30257
22403
31317
5824
7271
3198
247
8635
31914
14495
15073
4054
25236
23160
5345
24366
13139
2982
17877
32760
9554
16011
27571
19793
5545
7079
3134
6108
3085
20109
18111
12009
7401
27464
29389
4475
32260
34650
13044
8586
30419
9879
2229
28216
6339
24642
4927
18524
25426
269
18821
8339
30405
13447
32494
274
15698
33651
5488
9920
5980
1969
5393
613
13876
32552
8034
3176
30502
3334
6625
10109
6471
5409
18161
16914
19172
25569
2546
18580
27111
19188
35732
32683
2913
11713
13247
7754
34789
7762
35421
20405
5026
17086
24742
4801
10104
29943
8533
752
16039
36693
31708
19967
25865
4353
9518
27943
19805
28056
5751
10938
13769
12090
6698
20478
5427
4099
19047
13400
6948
32326
4849
18751
6806
13375
6503
21723
15490
1835
6069
24095
4263
19570
22846
35924
22152
28091
22374
28396
3345
14097
12011
13609
13509
22500
28078
3341
21290
329
11888
4173
13206
5111
25486
6709
19273
24905
4074
6455
6358
9335
9635
347
20318
12947
10904
16368
351
6804
26096
22492
21770
8180
4609
4879
4923
7167
4868
18442
18731
4218
6637
12970
5216
18896
21408
4809
28205
37588
34962
2336
6226
6295
7419
21307
32855
11767
22504
9272
14470
7093
656
8045
6514
12726
5046
5420
6990
9962
12193
6821
9053
10090
20662
6568
5600
8149
29011
32239
24955
9446
27501
32199
25935
27043
11829
32727
867
8574
31893
3477
28402
1861
33351
35249
4891
24173
6578
14099
14105
37756
5379
22377
24078
20661
17914
453
19823
3621
17323
2331
37453
30973
19046
884
10425
2778
12722
15146
5292
6411
15739
32155
24744
12263
40005
4450
15168
32389
15808
28523
12190
33158
18553
32887
5100
37460
28492
8274
5639
12660
5960
16588
9723
10437
27554
30424
4825
22214
28937
34229
2840
3736
26162
27114
7219
17761
482
21360
13718
27140
11856
5971
29480
2422
2959
23189
1327
18184
5611
20554
26775
37240
2751
6176
6926
7658
18163
34262
22584
33801
699
11274
22703
13478
2703
15826
1593
9124
7896
22855
493
2420
11872
13954
27097
7663
16431
4686
4046
33334
11247
30738
4548
9302
18140
17226
9525
35099
37849
30447
31288
3783
6951
2615
27568
2325
26294
30960
22308
25358
21475
11211
3029
13921
31789
12571
36267
15814
7285
19849
24947
8817
25523
14530
13313
15523
19335
22774
767
11219
20023
37008
16157
4570
17046
1122
20415
15172
4389
25709
526
4689
531
15238
530
14296
11722
33793
9095
11598
22612
1706
4071
3718
20884
9396
10849
549
30169
12664
5417
4897
9544
12917
20456
561
5054
18050
29345
17853
3224
8297
4510
13064
25118
5519
1200
23157
1872
1761
5718
6644
914
7126
26068
33587
36876
16786
1766
21305
17834
25966
17860
6165
6757
11378
11880
3408
8097
23845
1720
2094
2924
6863
26992
17906
10671
29493
13189
14725
1341
10399
22168
611
5107
6451
27547
23556
18823
8536
7846
7628
21038
4607
4515
26739
9241
7289
4916
31525
23408
36371
12360
7388
19192
3715
3636
7791
5706
12844
25203
19220
5141
20173
26320
23178
17257
7269
20670
13748
35741
32529
20681
8884
4332
36055
14180
4333
38337
5929
22940
4220
4271
33080
36582
31080
30787
15025
14891
18791
11475
29290
34973
12868
13110
22210
8730
21009
20282
15420
16270
38583
15231
29088
4539
4235
10657
15894
18127
11419
22161
9630
3384
17989
22263
14046
2567
2171
7209
34364
7116
30980
11084
10718
3332
30392
35446
3250
6868
37696
20581
12793
16635
8959
37080
37360
10506
3000
5134
6026
5667
6944
27780
21418
23916
17822
2210
24039
29606
666
15688
36915
2627
25825
14792
1882
22896
16522
16653
16526
29971
25147
13975
27096
20663
3738
15625
28027
3746
29838
16685
30834
681
8511
24503
16581
1765
31782
20568
8079
40101
23533
2993
26812
20770
692
786
22285
12946
9126
22003
2814
5952
37058
24971
9462
36763
16104
15763
1028
720
2494
32723
15387
13559
18769
28850
1780
16434
4617
32495
17302
1449
6116
23505
23507
23615
24569
32226
34790
12202
28175
38664
17503
12163
25707
35266
21378
28944
27688
12943
17637
4018
6279
755
7756
21507
23464
11371
2545
27170
39878
876
1869
26761
8018
19859
37762
4999
22739
5124
3342
2178
10322
33845
1893
26440
17896
6442
16419
4366
3834
16212
24967
8347
1595
29299
30128
1054
28070
23031
25794
2503
16147
1714
17878
38057
10754
36771
1721
31864
24594
2179
17850
28546
9286
28798
23899
5404
5686
27801
4093
6986
3090
25023
16268
26759
25511
25504
30647
5015
10606
22713
11160
14393
11239
23846
3769
3153
22773
9700
39014
22147
25337
29392
15494
19374
2418
951
33693
25928
3446
9190
13012
34683
13481
11573
37643
31783
22808
4328
35159
6953
16459
29633
5382
27453
19333
21364
841
1862
10991
4209
18766
15686
12103
17009
3859
4372
14309
4660
4741
4720
16564
4399
5927
5422
3817
9582
11406
21328
33160
29195
8046
2014
37924
29841
39924
33900
29149
39334
31932
39548
10679
3742
3114
22656
22838
8735
28008
25263
22252
10670
3792
14504
8719
6590
19320
15129
35459
21501
20026
17907
28862
24107
16629
17876
30814
18659
8446
19482
877
39063
26098
11205
15624
14272
8738
31508
10406
18528
5400
25416
20519
17788
24331
9914
5364
6184
10570
899
15957
15368
13621
25299
12469
22273
35576
18078
2585
6118
19396
15070
1362
25308
22205
10017
6526
14498
16456
10514
18628
22365
11082
2515
16746
21568
11021
31521
19775
24012
15585
5660
12853
22136
947
28569
33685
23725
10902
2475
21631
2574
968
10208
14875
4091
20046
1507
16557
7416
13084
11231
20898
15899
4088
19313
26813
10071
13939
22099
1001
33199
996
22924
33242
6653
12712
20564
11911
16225
33209
17867
7420
14468
21511
32231
1012
32043
25159
2026
7783
31900
1936
4704
11892
16935
31380
1148
22336
4411
13922
14074
37589
16707
22178
6874
8990
21776
1048
6871
16435
36409
9076
23052
24685
37005
20660
30735
29683
10131
9946
35632
36987
22514
7838
8139
9485
6383
6983
18890
22486
38227
15188
17432
8611
18248
6921
22528
8796
1088
9433
29968
1098
12953
5612
28053
21811
2651
2407
4787
30824
14215
29750
24190
1140
2941
9728
1143
9906
7392
29930
8216
4933
1141
1873
13930
9538
1146
23672
1167
18723
27337
30235
36514
7015
30843
1182
10788
18119
6237
25336
18902
26499
1191
16447
12983
20856
28294
21246
10856
9517
27094
25444
26657
28454
21321
19146
4947
10427
13760
30499
5406
5983
2462
16489
3981
14593
7888
6018
1946
36790
3616
22931
28853
11862
14969
10485
11582
1973
3471
25156
4431
30481
10833
16355
25376
17463
4900
35143
8503
25218
35753
8392
25645
7616
11292
1265
36529
22674
28949
1278
2678
2749
23554
7492
31844
25820
26704
3568
32586
1526
8251
5190
3010
6861
2192
5396
5446
6535
24601
22658
19196
13431
17466
22812
18679
1320
7442
29931
29870
4986
8438
9999
29175
8122
24428
20355
25785
20760
6599
22948
34021
29725
30146
18029
23804
15509
13611
21084
18639
28946
4812
9850
4274
19862
38604
5749
12768
21592
17095
3494
16023
24790
4487
1357
24295
1874
4427
14320
7475
31153
28180
17122
26046
17259
5999
37148
2537
29242
38713
37130
15086
19089
22362
6313
1374
10705
11757
16787
12041
21221
10173
21799
20566
1694
24652
18117
28317
28591
7443
9804
11701
36748
12243
20461
32725
4498
36281
3603
24083
5569
25172
9182
13155
4665
15271
5154
12786
4855
8292
37182
1727
32812
19573
14757
5675
5871
4648
23969
3900
2464
12840
18409
37483
10952
3116
8413
35192
9721
7829
24135
18510
23964
6580
15378
13711
9153
1911
7610
15774
4713
28258
22133
37152
16758
27129
7935
6033
29214
5954
20182
22626
16933
25748
38621
24575
2668
25985
10582
39111
30122
17628
37865
12961
17641
2774
7452
5525
11335
13086
25893
27139
39174
16324
6635
1719
39438
17574
21243
33475
27517
38205
36595
1536
1632
11626
17098
25647
2661
25476
18436
9156
6856
17873
17690
26019
13884
17341
8870
13835
18439
32794
21157
37009
14879
32847
9832
15906
22789
32050
12538
18925
6416
4775
12619
4358
30267
20064
2710
37170
34808
5191
13733
23547
14941
15996
31808
12803
15164
15882
24504
18324
29300
4785
13659
18346
27175
37355
3252
16042
15806
13450
31068
17295
6507
1988
9589
18387
27845
11384
32823
5919
4874
4972
17851
18906
31064
6988
3959
14011
26214
24997
30883
18646
35220
7371
11372
31818
1784
4164
19349
13108
15932
5255
27677
6843
10609
5823
9225
27696
8947
14442
31678
6265
33365
11990
17185
12941
32028
12885
16210
28747
33612
16955
32904
32731
14443
8346
3231
26410
30162
8294
7463
28742
19699
34204
38716
17143
8209
24218
14905
15258
2099
5386
12115
10785
20105
20185
31653
16642
24702
17221
19111
14517
32330
34502
6473
22193
16246
39800
13236
7174
7374
18961
14655
18005
26665
6186
19718
20447
29774
36617
4761
2450
13823
8810
22995
7668
2570
5397
2432
2302
34618
14024
12167
31483
26338
30598
19198
39851
14179
7746
11969
27880
8544
3761
15687
36580
15974
20464
17141
19323
8952
36856
7777
27709
15479
25484
11007
26273
3882
13841
14171
20002
17218
23109
8279
12731
14152
13258
14019
20867
10011
3943
22397
34198
26428
2323
23784
38046
36477
15944
21691
23958
7139
18212
19605
24080
31934
20605
16292
17707
20140
25754
12018
36795
29042
34442
6614
31749
38115
10118
5504
10615
18915
18454
27064
25461
14343
29191
30978
6910
11913
19346
22907
8531
16804
12548
39217
17941
27622
15919
15753
30048
11976
19752
35390
21688
38904
20658
29221
5426
10876
30749
6919
18909
25085
3781
12654
15727
15354
32369
19744
10926
30153
25884
5480
24588
24591
34053
17199
15513
33709
31391
7414
28888
22164
27862
8351
14702
3081
35257
12622
25617
10103
29566
22502
28093
19442
23102
2837
9506
19732
15536
2666
3443
5275
26389
33991
11597
21132
14724
3270
23387
20008
13629
31189
21384
22375
4522
18604
12333
26785
12950
36609
26814
3686
4458
34610
31707
34537
6217
28204
33596
19782
7245
30338
9141
10883
23905
4618
37674
15062
21106
24564
13899
25462
23770
18309
4883
14293
21048
34173
24737
36980
36126
5368
24622
3958
30362
18986
18645
34267
29720
20078
8826
9758
4853
18318
37898
8784
20702
18947
4996
3056
3062
35049
17870
26135
14742
5595
21555
14843
14286
9368
8950
29568
32675
4832
3608
6828
24374
11946
3168
3185
9025
14086
11739
36945
21156
39481
15999
21567
28962
28991
3325
38263
28571
25193
27610
37427
15064
9292
21496
26487
14584
3431
21440
7907
15014
22398
33623
3614
13878
16265
12287
22002
9031
11131
33249
27039
21457
15721
5526
16407
4262
19737
23136
30859
30873
4820
5840
3554
12627
6181
17267
8682
18763
24157
28193
14205
19464
3602
10545
11091
20303
5361
12092
39127
30005
38422
14367
16676
19060
13762
24680
4551
16654
5070
12282
25047
25986
10874
4509
13859
21368
35244
32398
22472
10838
16563
20656
19215
29659
12431
25886
29922
38085
14926
14641
5714
22952
34487
12987
39530
4425
8657
4125
32449
18353
4448
11806
6894
26261
4627
4887
30353
13228
21094
8384
5052
32070
4365
15239
14374
14993
28855
27973
7085
15498
17165
6717
4519
10863
18400
26619
11799
4554
8002
27901
14375
10720
32959
34590
8966
14239
33556
4721
5403
13369
19628
21197
14956
15189
7984
5455
30848
18364
26707
25131
38687
26531
21027
22413
37866
37098
36681
30651
24457
27634
22275
32113
14966
21201
11079
12293
18720
9574
34433
17406
30898
35325
8914
9015
36874
8814
34052
26668
26381
6528
39932
10374
8078
15519
28545
33104
17552
7712
36761
17151
10587
17294
12013
16066
33022
20245
14613
27045
12286
23787
11910
32181
9990
12759
28837
27551
24886
8759
38229
10180
37208
31181
13499
12080
37146
21590
11784
13863
23893
33196
14888
22128
35740
30416
25453
36376
39040
39659
24026
17996
21456
14603
33238
20267
28162
32700
29358
11728
19135
12580
12515
18743
8818
34340
19695
23894
8980
24661
12760
27774
32095
19030
37119
35272
29463
39097
15021
10092
33512
35561
34378
24130
14689
34984
31010
39511
29835
29956
22167
14699
14639
33467
38999
20132
21667
32964
16194
37563
28973
35519
19416
34596
34535
21807-21808
8435-13974
18469-18470
2419-2763
2763-11562
19544-20430
23302-25040
1418-1419
811-929
26536-26630
165-1235
26153-32821
23302-23303
16239-16240
11891-19411
7953-7967
7456-8158
204-3103
2096-2103
204-2103
24814-25528
1340-1505
3103-18470
4009-4022
3457-3668
8136-14139
4289-4290
1462-1472
12113-12940
15005-15044
2028-10678
25528-27553
21186-21190
13793-13795
12865-13976
17423-27089
766-1291
13288-16239
33433-37821
35662-36107
5610-5636
21216-21217
10131-10132
34484-13617
12678-13288
19544-24289
6115-8462
13445-15915
10678-6114
12936-15159
26536-31249
23661-24814
3106-14283
15998-29213
29213-29214
1647-1650
4817-4818
30878-32890
11596-20128
32899-33924
33924-35231
7753-7782
2096-20850
13315-25341
13445-15910
7929-9506
34484-37241
13281-13282
3142-7293
18794-18797
13315-13445
11128-17279
14775-17768
9923-9930
13204-24209
15159-17560
13445-14703
